ID	 m/z	        RT
961	264.19581	3.99
964	292.20598	18.68
965	311.13095	4.27
966	640.38439	32.71
967	333.07575	14.23
970	358.23767	15.43
973	250.08626	32.22
975	258.07608	10.69
977	196.09682	4.61
978	326.15981	22.78
980	238.10738	6.89
981	325.12166	15.98
982	259.02056	10.27
984	314.10547	8.81
987	446.18565	17.61
989	246.01954	4.21
992	447.27412	25.56
993	206.0924	3.87
994	204.10191	9.7
995	284.12214	5.98
996	304.19127	3.47
1001	461.21699	13.73
1002	459.27412	28.83
1004	190.08626	0.58
1005	180.17468	5.02
1006	310.0856	5.55
1012	340.23834	4.46
1014	261.0321	5.55
1016	212.08184	0.95
1019	363.2067	13.22
1020	327.15256	10.09
1022	309.21727	7.39
1024	312.23219	10.31
1025	293.18597	3.33
1027	328.01379	21.56
1028	393.25366	32.22
1029	313.21621	26.36
1030	306.08915	3.28
1031	251.1754	3.94
1032	431.06832	24.25
1034	292.22711	14.58
1041	466.19034	10.26
1043	247.95347	2.68
1044	265.11231	0.51
1045	256.01513	3.79
1047	474.17336	9.06
1050	297.19614	5.69
1051	217.97929	0.86
1056	264.06083	4.78
1058	205.0794	3.28
1059	426.07299	29.21
1060	406.19322	25.69
1064	376.23948	3.43
1065	334.15615	3.46
1066	476.30788	3.65
1067	346.12199	4.78
1068	304.1092	6.6
1069	311.20056	17.77
1070	326.23259	5.55
1072	501.30581	18.38
1081	449.26864	31.55
1084	435.21774	20.46
1085	473.17351	7.3
1087	417.22717	14.46
1088	397.23734	28.92
1091	415.26903	35.22
1092	836.66236	28.94
1093	318.20692	7.05
1094	214.155	3.54
1096	256.92986	4.15
1098	256.17014	6.36
1099	398.20743	10.96
1101	340.10607	7.7
1102	390.15721	4.48
1104	172.13321	31.62
1104.1	172.13321	3.23
1105	552.40071	13.21
1108	394.19253	4.54
1109	383.17878	6.73
1111	587.28641	5.99
1112	408.12536	27.22
1112.1	408.12536	4.64
1115	448.15531	14.05
1119	254.04816	1.63
1120	1255.63575	31.19
1122	234.14886	4.05
1123	306.13494	10.6
1129	420.0969	10.73
1131	473.12943	27.09
1132	310.19139	10.52
1133	452.19285	8.58
1137	220.04835	4.11
1139	206.14002	3.34
1140	264.17468	11.56
1142	325.22799	9.02
1146	195.10157	25.68
1147	300.10125	3.32
1148	227.11789	3.44
1150	212.06658	3.25
1151	453.27478	19.3
1152	411.21908	4.88
1158	373.28496	22.37
1160	311.08085	5.08
1169	179.11789	3.44
1175	177.05462	5.4
1185	362.21146	32.22
1187	194.11756	18.32
1188	319.16279	12.68
1189	192.13829	13.94
1190	255.11618	2.16
1190.1	255.11618	0.58
1192	301.07383	16.31
1193	222.18524	4.13
1195	315.16225	16.61
1196	274.02992	8.05
1198	199.12298	3.57
1199	278.1863	3.21
1200	130.15903	4.38
1201	181.072	3.17
1202	386.25505	5.8
1205	230.99895	5.14
1207	415.16861	9.76
1208	166.12319	0.58
1209	262.071	6.13
1213	455.29043	13.65
1215	246.17132	4.09
1216	265.16993	7.94
1217	139.09782	3.51
1219	316.04835	13.52
1224	220.95318	4.15
1225	586.29301	3.41
1229	331.04335	27.44
1231	250.18016	6.79
1233	494.1511	27.48
1235	646.03097	27.92
1236	426.16913	5.95
1238	477.23033	19.9
1240	495.21889	26.21
1242	275.19653	3.3
1245	104.10754	0.54
1246	440.17538	31.22
1248	478.17592	18.57
1249	298.12601	12.84
1252	466.99701	31.53
1255	302.05939	7.3
1257	415.14509	9.17
1266	152.10699	31.54
1271	272.06035	8.54
1272	651.79734	11.88
1274	136.11208	32.38
1279	363.06453	5.03
1283	261.07575	9.73
1284	228.16265	10.36
1288	217.04954	13.36
1291	611.16066	3.84
1294	397.21218	6.33
1296	305.10833	29.98
1297	349.93356	31.6
1300	281.11722	29.6
1303	734.46852	10.19
1305	270.10649	5.13
1308	162.11302	0.55
1316	341.1972	3.44
1317	317.24751	27.96
1319	355.20162	4.9
1320	327.2067	4.22
1322	416.08954	27.65
1323	352.15189	15.12
1326	338.21146	8.12
1327	336.12358	7.02
1329	395.19653	3.46
1333	326.21146	7.15
1334	373.09496	3.94
1335	318.24276	18.21
1336	396.21694	15.97
1337	237.15975	3.24
1338	316.20598	17.63
1340	277.16993	9.19
1341	315.09102	7.48
1344	272.09173	17.62
1346	233.1033	0.58
1349	246.18524	5.05
1351	899.51513	32.66
1356	283.06889	0.53
1356.1	283.06889	24.52
1357	288.08562	0.86
1358	329.08671	3.27
1359	147.04406	6.17
1365	469.22973	23.69
1366	340.12132	19.54
1367	361.15581	10.6
1368	247.1441	5.06
1370	319.10886	3.45
1372	256.09682	9.9
1374	386.14206	27.22
1375	364.11257	3.38
1376	347.11724	4.38
1377	285.15975	4.23
1379	292.11143	3.23
1380	359.19653	3.8
1382	396.15295	3.75
1383	300.28971	31.88
1385	354.02944	27.04
1387	247.13287	25.17
1388	180.06552	3.5
1389	194.08117	3.52
1400	283.154	25.17
1401	470.14353	4.52
1402	191.03389	3.37
1405	354.20692	6.43
1407	296.20089	6.88
1409	168.10191	4.05
1412	344.09681	3.85
1414	284.33173	29.97
1419	389.12626	7.83
1420	321.01921	26.71
1422	309.1346	3.51
1428	156.17468	0.58
1429	222.14886	24.93
1430	260.08771	6.89
1434	230.15394	4.8
1435	604.36914	26.5
1143	129.15175	2.34
1197	459.25547	6.99
1040	256.00389	6.72
1042	137.05971	37.99
1075	557.43129	4.62
1153	273.12674	2.15
1210	114.12773	1.01
1071	366.06094	1
1076	182.04816	0.62
1135	358.00774	5.3
1177	102.09134	3.32
1299	210.11247	10.32
1304	275.98477	0.59
1440	168.99539	6.68
1136	385.23734	25.99
1328	467.11487	3.49
1174	200.05285	4.38
1292	304.14042	3.3
1339	563.26528	32.32
1053	320.90701	31.43
1298	279.0273	29.79
1167	182.08117	4.81
1211	176.11822	3.47
1079	165.09101	3.23
1080	220.11795	1.94
1097	614.77694	1.37
1106	130.10872	0.56
1138	389.10196	3.37
1168	145.04954	4.09
1181	112.05054	0.58
1212	163.12298	3.27
1265	422.17621	7.58
1273	114.06619	0.56
1342	215.05972	0.6
1378	282.14617	21.67
1406	509.47622	24.13
1417	146.15394	0.58
1418	609.1814	4.91
971	307.17781	4.35
1116	464.25371	10.83
979	206.13868	1.96
1052	206.13868	3.34
1015	544.18134	7.79
1074	544.18134	7.79
1035	295.20162	3.82
1063	295.20162	3.82
1083	377.21226	16.51
1107	377.21226	16.51
1145	224.12812	5.86
1353	224.12812	10.62
1232	167.07027	5.63
1270	167.07027	25.68
1331	295.18049	3.36
1332	295.18049	3.36
1343	166.08626	5.49
1394	166.08626	5.49
1352	174.11247	3.9
1403	174.11247	3.9
997	288.17468	11.97
1130	288.17468	13.21
1278	137.07094	3.45
1000	137.07094	3.45
1011	185.15361	28.11
1113	185.15361	28.11
1144	154.04987	11.64
1427	154.04987	11.64
1165	101.00316	0.58
1182	428.16439	5.95
1267	242.1526	6.37
1361	325.11763	15.98
1410	430.30567	31.06
1260	249.05809	0.55
1023	330.20397	13.09
1038	221.17367	32.72
1162	385.15947	7.7
1243	892.54168	33.52
1247	407.16764	25.09
1263	432.16529	13.24
1345	153.10224	3.22
1354	386.08704	15.41
1173	300.28971	31.88
1226	167.08488	0.58
1262	367.12108	0.55
990	367.12108	0.55
		
