ID	m/z	         RT
1	141.95801	0.45
2	153.94766	0.49
3	198.93967	0.49
4	232.92681	0.49
5	110.00795	0.49
6	125.98552	0.49
7	149.95178	0.49
8	157.16943	0.49
9	172.02709	0.49
10	214.91708	0.49
11	216.94974	0.49
12	238.88416	0.49
13	344.87356	0.49
14	102.96968	0.5
15	151.94873	0.5
16	122.07099	0.51
17	144.04716	0.51
18	282.90437	0.51
19	350.89018	0.51
20	101.11985	0.51
21	187.21641	0.51
22	188.16408	0.51
23	247.23741	0.51
24	265.11137	0.51
25	301.13949	0.51
26	220.93414	0.52
27	288.92156	0.52
28	133.05945	0.52
29	158.96326	0.52
30	226.95129	0.52
31	242.92439	0.52
32	272.94348	0.52
33	362.92484	0.52
34	424.89514	0.52
35	430.91272	0.52
36	351.05546	0.53
37	277.05446	0.53
38	299.04263	0.53
39	345.03905	0.53
40	419.04202	0.53
41	104.10693	0.53
42	263.08197	0.54
43	283.06949	0.54
44	162.11199	0.54
45	239.10599	0.54
46	241.10282	0.54
47	261.0874	0.54
48	367.12046	0.54
49	499.18374	0.54
50	114.06594	0.55
51	365.1048	0.55
52	130.10794	0.55
53	249.05742	0.55
54	183.08569	0.56
55	343.12224	0.56
56	345.1379	0.56
57	477.20295	0.56
58	118.12177	0.57
59	119.05995	0.57
60	137.07134	0.57
61	139.04162	0.57
62	210.07855	0.57
63	300.09285	0.57
64	352.16313	0.57
65	307.08394	0.57
66	320.29019	0.57
67	355.0654	0.57
68	101.00309	0.58
69	102.12714	0.58
70	102.99837	0.58
71	107.04857	0.58
72	115.06094	0.58
73	136.07523	0.58
74	138.07431	0.58
75	138.09003	0.58
76	150.05419	0.58
77	152.10575	0.58
78	165.1124	0.58
79	166.12283	0.58
80	171.1491	0.58
81	179.01632	0.58
82	185.16446	0.58
83	187.14336	0.58
84	188.06978	0.58
85	199.17995	0.58
86	225.00971	0.58
87	227.00659	0.58
88	242.98312	0.58
89	243.27876	0.58
90	250.15421	0.58
91	255.11559	0.58
92	303.30015	0.58
93	323.15869	0.58
94	325.17372	0.58
95	114.12732	0.58
96	128.14287	0.58
97	129.15123	0.58
98	135.07959	0.58
99	137.9999	0.58
100	138.01739	0.58
101	146.0064	0.58
102	146.15306	0.58
103	146.99538	0.58
104	154.12186	0.58
105	156.14001	0.58
106	156.17354	0.58
107	162.97296	0.58
108	167.08374	0.58
109	190.08636	0.58
110	194.98913	0.58
111	198.22084	0.58
112	204.10121	0.58
113	209.96324	0.58
114	215.05888	0.58
115	217.13307	0.58
116	240.9874	0.58
117	247.11866	0.58
118	256.95895	0.58
119	273.12676	0.58
120	275.98441	0.58
121	278.18613	0.58
122	292.11019	0.58
123	293.18525	0.58
124	307.16387	0.58
125	320.14694	0.58
126	334.15514	0.58
127	339.19128	0.58
128	350.09578	0.58
129	364.11174	0.58
130	395.1946	0.58
131	439.32945	0.58
132	495.39189	0.58
133	511.22323	0.58
134	122.07073	0.59
135	137.00168	0.59
136	142.15792	0.59
137	168.10104	0.59
138	176.00843	0.59
139	178.94517	0.59
140	205.07998	0.59
141	277.05484	0.59
142	304.18169	0.59
143	305.16897	0.59
144	106.99975	0.59
145	129.01283	0.59
146	144.98761	0.59
147	206.1154	0.59
148	207.07501	0.59
149	237.15933	0.59
150	265.1115	0.59
151	214.98042	0.6
152	216.97768	0.6
153	230.95842	0.6
154	232.95529	0.6
155	261.05489	0.6
156	261.08536	0.6
157	288.08539	0.6
158	293.27097	0.6
159	295.26814	0.6
160	308.97172	0.6
161	310.96816	0.6
162	152.94356	0.6
163	274.99129	0.6
164	157.03415	0.6
165	212.08115	0.6
166	217.97875	0.6
167	241.10255	0.6
168	290.97007	0.6
169	297.21949	0.6
170	337.22001	0.6
171	339.21702	0.6
172	353.28167	0.6
173	124.03847	0.61
174	140.03677	0.61
175	182.04753	0.61
176	256.13058	0.61
177	241.99934	0.61
178	257.97687	0.62
179	136.07472	0.62
180	254.04729	0.62
181	114.06555	0.63
182	139.04136	0.63
183	119.05974	0.63
184	130.10773	0.63
185	137.00152	0.63
186	137.07198	0.63
187	261.0533	0.63
188	162.11158	0.64
189	243.04211	0.64
190	246.93071	0.64
191	304.16531	0.64
192	104.10634	0.64
193	129.0125	0.64
194	168.91626	0.64
195	171.1487	0.64
196	185.164	0.64
197	248.9275	0.64
198	304.1885	0.64
199	362.16423	0.64
200	129.15058	0.65
201	166.12232	0.65
202	247.11781	0.65
203	273.12609	0.65
204	106.99926	0.66
205	190.08577	0.66
206	205.07807	0.66
207	156.1732	0.67
208	255.11499	0.68
209	194.98925	0.68
210	278.18575	0.68
211	288.08487	0.68
212	166.99388	0.69
213	240.98715	0.69
214	162.9724	0.71
215	217.01354	0.72
216	264.96683	0.72
217	101.00218	0.73
218	178.94514	0.73
219	195.94783	0.75
220	256.95908	0.76
221	273.96101	0.76
222	223.94299	0.78
223	150.94977	0.78
224	190.08555	0.78
225	278.18526	0.8
226	239.10479	0.81
227	137.0011	0.82
228	212.93302	0.83
229	166.12209	0.83
230	187.14329	0.85
231	217.97866	0.86
232	288.08558	0.86
233	171.14894	0.86
234	185.16416	0.86
235	215.05847	0.9
236	212.08178	0.91
237	275.98367	0.91
238	217.10554	0.94
239	217.01387	0.97
240	240.98659	0.97
241	256.95917	0.97
242	178.9449	0.98
243	275.98413	1.08
244	137.08233	1.24
245	166.12278	1.26
246	254.0475	1.32
247	173.07943	1.49
248	254.0464	1.52
249	217.10612	1.55
250	254.04719	1.57
251	254.04776	1.6
252	173.08024	1.6
253	254.04645	1.62
254	173.0795	1.67
255	254.04767	1.71
256	190.08589	1.74
257	254.04806	1.74
258	217.10675	1.85
259	206.13797	1.85
260	217.106	1.9
261	217.10797	1.92
262	217.10735	1.93
263	217.10747	1.97
264	149.06944	1.99
265	217.10701	2
266	250.18985	2.04
267	206.13771	2.06
268	273.12598	2.15
269	250.18939	2.18
270	255.11551	2.19
271	198.22062	2.33
272	129.15129	2.38
273	156.17377	2.44
274	181.07167	3.18
275	129.151	3.19
276	278.18655	3.21
277	280.19105	3.21
278	239.14779	3.21
279	153.10171	3.22
280	526.2886	3.22
281	165.09006	3.23
282	196.1316	3.23
283	292.11047	3.23
284	154.12153	3.24
285	172.13294	3.24
286	137.09509	3.24
287	237.15956	3.24
288	114.09096	3.25
289	204.1011	3.25
290	217.12608	3.25
291	386.2055	3.25
292	136.06197	3.25
293	174.1114	3.26
294	247.11851	3.26
295	212.06579	3.26
296	258.09139	3.26
297	163.12194	3.27
298	329.08523	3.27
299	455.14006	3.27
300	178.06753	3.28
301	302.11719	3.28
302	205.07996	3.28
303	207.07532	3.28
304	306.08803	3.28
305	172.13201	3.29
306	114.09049	3.3
307	257.18482	3.3
308	275.19581	3.3
309	283.17418	3.3
310	300.20021	3.3
311	328.23184	3.3
312	353.20545	3.3
313	288.16957	3.3
314	304.14051	3.3
315	325.05324	3.31
316	400.09988	3.31
317	278.18495	3.31
318	282.09088	3.32
319	353.12146	3.32
320	415.15944	3.32
321	195.07538	3.32
322	300.10133	3.32
323	237.12172	3.33
324	289.16566	3.33
325	293.18588	3.33
326	237.08666	3.34
327	281.00536	3.34
328	206.08237	3.34
329	206.1393	3.34
330	246.15969	3.34
331	308.13977	3.35
332	215.11236	3.35
333	262.15388	3.35
334	386.2057	3.36
335	187.08558	3.36
336	196.13245	3.36
337	130.06417	3.37
338	159.06701	3.37
339	295.18057	3.37
340	297.1849	3.37
341	148.0939	3.37
342	150.1266	3.37
343	217.13159	3.37
344	327.20074	3.37
345	344.227	3.37
346	372.25733	3.37
347	191.0335	3.38
348	219.13891	3.38
349	350.09651	3.38
350	193.13305	3.39
351	364.11218	3.39
352	205.07892	3.39
353	278.18521	3.39
354	200.10514	3.4
355	403.20935	3.41
356	408.15362	3.41
357	585.28925	3.41
358	439.23126	3.41
359	226.22673	3.42
360	212.17454	3.43
361	320.13865	3.43
362	376.23855	3.43
363	165.07012	3.43
364	181.12249	3.43
365	108.04383	3.44
366	411.1897	3.44
367	137.06945	3.44
368	120.04365	3.45
369	171.10255	3.45
370	179.11793	3.45
371	205.13213	3.45
372	227.11768	3.45
373	341.19595	3.45
374	162.58866	3.45
375	302.0816	3.45
376	319.10764	3.45
377	371.2255	3.45
378	388.25225	3.45
379	271.00648	3.46
380	316.06497	3.46
381	318.06295	3.46
382	334.15541	3.46
383	273.00437	3.46
384	395.19511	3.46
385	244.96822	3.47
386	259.99824	3.47
387	297.19492	3.47
388	304.19051	3.47
389	306.19502	3.47
390	242.97131	3.47
391	261.99482	3.47
392	117.06915	3.48
393	148.11067	3.48
394	176.11698	3.48
395	263.11717	3.48
396	325.05325	3.48
397	327.05043	3.48
398	319.10675	3.48
399	295.17958	3.49
400	314.12528	3.49
401	266.12345	3.5
402	467.11307	3.5
403	180.06541	3.5
404	206.09247	3.51
405	217.1235	3.51
406	311.139	3.51
407	331.11524	3.51
408	291.12352	3.51
409	309.13455	3.51
410	106.0644	3.52
411	139.09744	3.52
412	148.07525	3.52
413	194.08113	3.52
414	411.18963	3.52
415	522.28024	3.52
416	575.29569	3.52
417	136.03815	3.53
418	141.06915	3.53
419	178.08538	3.53
420	267.16958	3.53
421	415.25173	3.53
422	116.08114	3.54
423	214.15507	3.54
424	432.27895	3.54
425	208.11234	3.54
426	252.08871	3.55
427	147.05439	3.56
428	171.10025	3.56
429	179.11711	3.57
430	201.12876	3.57
431	199.12319	3.58
432	304.18947	3.59
433	171.10165	3.59
434	227.11666	3.59
435	277.13361	3.6
436	174.12693	3.61
437	427.18521	3.61
438	364.16391	3.62
439	409.17348	3.62
440	214.15418	3.63
441	309.13297	3.63
442	194.08022	3.63
443	141.06968	3.65
444	172.11109	3.65
445	210.10212	3.65
446	476.30511	3.65
447	171.06621	3.67
448	300.14613	3.67
449	420.22251	3.67
450	239.0884	3.68
451	199.12234	3.69
452	364.16387	3.69
453	277.13254	3.71
454	325.18182	3.71
455	179.11695	3.71
456	240.01963	3.71
457	406.21113	3.71
458	238.02162	3.72
459	256.03176	3.72
460	258.02949	3.72
461	399.19123	3.72
462	224.11821	3.73
463	345.18002	3.73
464	229.09594	3.75
465	396.1517	3.75
466	217.10587	3.76
467	170.11604	3.76
468	239.08807	3.77
469	242.07383	3.77
470	273.00514	3.78
471	256.01476	3.79
472	258.01166	3.79
473	260.00864	3.79
474	279.16054	3.79
475	299.14969	3.79
476	309.05853	3.79
477	311.0568	3.79
478	520.33103	3.79
479	258.12292	3.8
480	359.19615	3.8
481	361.20068	3.8
482	199.12169	3.81
483	221.10801	3.81
484	258.21421	3.81
485	373.09386	3.81
486	375.09044	3.81
487	194.09204	3.81
488	100.11138	3.82
489	255.08877	3.82
490	295.20172	3.82
491	178.08529	3.83
492	257.08551	3.83
493	320.1048	3.83
494	611.15986	3.84
495	346.09482	3.84
496	348.09934	3.84
497	344.09677	3.85
498	271.00691	3.85
499	273.00499	3.86
500	134.0705	3.86
501	162.10153	3.86
502	206.09482	3.86
503	207.11835	3.86
504	217.10485	3.86
505	236.10189	3.86
506	178.06046	3.87
507	156.10092	3.9
508	174.11146	3.9
509	132.10095	3.9
510	298.04664	3.9
511	128.10616	3.91
512	296.04994	3.91
513	359.19529	3.91
514	482.296	3.91
515	237.15953	3.91
516	206.11665	3.92
517	473.31015	3.92
518	200.19946	3.93
519	346.09407	3.93
520	251.17545	3.93
521	373.09476	3.93
522	375.09182	3.93
523	402.96418	3.97
524	404.96238	3.97
525	406.9602	3.97
526	564.35666	3.98
527	138.9933	3.98
528	196.01482	3.98
529	246.18401	3.98
530	344.09559	3.98
531	264.19593	3.99
532	266.20063	3.99
533	206.1158	4
534	288.15836	4.01
535	199.11	4.02
536	421.1974	4.02
537	208.16929	4.03
538	234.1491	4.04
539	236.15398	4.04
540	140.06998	4.05
541	168.10113	4.05
542	250.17969	4.05
543	246.17167	4.08
544	120.05472	4.09
545	208.16883	4.09
546	329.13098	4.09
547	262.11289	4.1
548	264.19485	4.1
549	128.04471	4.1
550	250.17877	4.1
551	176.14297	4.12
552	220.0483	4.12
553	222.04506	4.12
554	224.19056	4.12
555	222.18592	4.13
556	234.14782	4.14
557	256.92949	4.14
558	258.92661	4.14
559	220.95237	4.15
560	260.92327	4.15
561	136.07476	4.16
562	222.94884	4.16
563	271.14296	4.16
564	608.38324	4.17
565	185.08152	4.18
566	224.11752	4.18
567	260.02926	4.18
568	343.14673	4.18
569	246.17027	4.19
570	248.01566	4.2
571	239.08862	4.21
572	220.04756	4.21
573	246.01889	4.21
574	327.20604	4.21
575	298.15462	4.22
576	285.15983	4.23
577	287.16506	4.23
578	222.18469	4.24
579	157.06787	4.26
580	255.11181	4.26
581	264.0418	4.26
582	311.13092	4.26
583	415.16704	4.26
584	259.13432	4.26
585	282.10328	4.26
586	156.06944	4.27
587	262.04387	4.27
588	260.02894	4.27
589	313.12791	4.27
590	298.15365	4.28
591	182.18921	4.29
592	234.14687	4.3
593	239.09062	4.31
594	239.11506	4.31
595	256.08922	4.31
596	156.06893	4.33
597	307.17906	4.33
598	285.15872	4.36
599	329.10551	4.37
600	200.0533	4.37
601	347.117	4.37
602	130.15859	4.38
603	180.04686	4.38
604	151.09823	4.39
605	198.05829	4.39
606	399.1728	4.39
607	262.04402	4.4
608	358.19979	4.42
609	235.12245	4.42
610	256.0898	4.42
611	210.11191	4.43
612	238.13336	4.44
613	194.09608	4.45
614	239.11614	4.45
615	340.23854	4.45
616	137.13158	4.45
617	342.24372	4.45
618	390.15546	4.47
619	244.07302	4.48
620	246.07024	4.49
621	296.09738	4.49
622	359.14168	4.49
623	386.96818	4.49
624	390.96463	4.49
625	388.96673	4.49
626	206.10297	4.51
627	343.20071	4.51
628	470.14271	4.52
629	152.14248	4.52
630	197.59996	4.53
631	394.19229	4.53
632	188.59438	4.54
633	396.19633	4.54
634	121.06424	4.54
635	273.1707	4.54
636	341.2399	4.54
637	242.12743	4.55
638	279.14754	4.55
639	356.11665	4.55
640	340.23722	4.57
641	405.17009	4.57
642	279.21962	4.6
643	557.43059	4.6
644	173.08052	4.61
645	196.09626	4.62
646	217.10749	4.62
647	239.0905	4.62
648	155.06964	4.63
649	399.17302	4.64
650	408.12512	4.64
651	249.13805	4.65
652	258.08862	4.66
653	394.1906	4.68
654	557.42923	4.69
655	262.05607	4.7
656	279.21877	4.71
657	239.08895	4.72
658	260.05889	4.72
659	260.08392	4.72
660	295.20077	4.72
661	159.04069	4.72
662	408.12336	4.72
663	187.07164	4.73
664	217.11378	4.73
665	204.09872	4.74
666	360.23817	4.74
667	415.16683	4.76
668	346.12145	4.78
669	266.05722	4.78
670	198.05835	4.79
671	153.06893	4.79
672	264.06038	4.79
673	212.14367	4.8
674	230.15404	4.8
675	170.09588	4.8
676	313.15312	4.8
677	182.08036	4.82
678	225.13834	4.83
679	409.16703	4.83
680	264.06013	4.84
681	411.2189	4.88
682	413.22371	4.88
683	206.11419	4.89
684	328.11181	4.89
685	230.15247	4.89
686	355.20114	4.9
687	242.1282	4.9
688	212.14236	4.91
689	287.18656	4.91
690	609.18036	4.91
691	149.04294	4.92
692	264.07618	4.92
693	331.1216	4.93
694	185.06203	4.96
695	294.19114	4.97
696	287.18524	4.99
697	554.28017	5
698	396.27239	5.01
699	490.24556	5.01
700	353.18457	5.02
701	163.14769	5.02
702	426.31009	5.02
703	180.17488	5.03
704	215.04778	5.03
705	411.21716	5.03
706	363.06298	5.03
707	246.18549	5.05
708	156.00998	5.05
709	269.12551	5.05
710	292.201	5.05
711	126.05424	5.06
712	247.14801	5.07
713	333.06146	5.1
714	239.144	5.11
715	311.08097	5.11
716	237.13895	5.12
717	309.04176	5.12
718	270.10596	5.13
719	231.00016	5.13
720	231.04034	5.13
721	180.17372	5.14
722	247.14318	5.16
723	235.03796	5.18
724	243.08671	5.18
725	232.99651	5.19
726	233.03919	5.19
727	246.18437	5.19
728	311.08012	5.19
729	381.24252	5.2
730	379.2378	5.2
731	388.23245	5.23
732	237.13803	5.24
733	107.04813	5.26
734	270.10547	5.29
735	339.99569	5.29
736	358.00603	5.29
737	375.03295	5.29
738	341.99258	5.3
739	377.02988	5.3
740	380.23982	5.3
741	272.09209	5.31
742	379.23652	5.35
743	295.02184	5.36
744	338.13763	5.37
745	236.10632	5.37
746	340.07818	5.38
747	217.11185	5.39
748	332.13509	5.39
749	177.05448	5.39
750	342.17926	5.39
751	252.13736	5.44
752	283.17977	5.44
753	333.13749	5.44
754	239.08867	5.45
755	188.06687	5.48
756	220.02813	5.48
757	222.02502	5.48
758	121.02953	5.49
759	121.06262	5.49
760	131.04827	5.49
761	166.08588	5.49
762	149.05853	5.51
763	355.12142	5.52
764	367.20019	5.52
765	285.00987	5.53
766	177.05382	5.54
767	326.23286	5.54
768	328.23795	5.54
769	588.25351	5.54
770	261.03256	5.55
771	265.026	5.55
772	283.01319	5.55
773	308.08621	5.55
774	330.12665	5.55
775	306.08934	5.55
776	423.15491	5.55
777	441.16572	5.55
778	523.05162	5.55
779	586.25555	5.55
780	154.06119	5.56
781	263.02945	5.56
782	213.07493	5.58
783	149.05789	5.6
784	166.08526	5.61
785	167.06961	5.64
786	178.08506	5.65
787	303.10146	5.65
788	421.19622	5.65
789	305.09795	5.66
790	196.09575	5.67
791	263.0284	5.68
792	297.19653	5.68
793	326.23158	5.68
794	252.13803	5.69
795	261.03125	5.69
796	299.20104	5.69
797	205.09476	5.7
798	386.25489	5.79
799	388.25888	5.79
800	242.10755	5.8
801	357.21591	5.8
802	246.10909	5.84
803	226.13273	5.85
804	224.12865	5.85
805	269.18548	5.85
806	447.24676	5.85
807	151.03855	5.86
808	297.19546	5.86
809	149.02171	5.88
810	186.22063	5.89
811	454.12307	5.9
812	239.08894	5.94
813	357.216	5.95
814	426.16811	5.95
815	428.16536	5.95
816	810.40573	5.95
817	346.14996	5.96
818	386.25385	5.96
819	284.12165	5.98
820	587.28617	5.98
821	224.12777	5.98
822	294.14747	5.99
823	234.04462	6.03
824	238.03818	6.03
825	236.04157	6.03
826	154.12177	6.05
827	136.03836	6.07
828	281.18638	6.07
829	283.19103	6.07
830	192.10203	6.07
831	236.12715	6.08
832	542.24685	6.1
833	284.1207	6.11
834	262.07069	6.12
835	244.05952	6.13
836	341.17261	6.13
837	343.18948	6.14
838	234.04377	6.15
839	147.04346	6.18
840	282.18788	6.18
841	239.08845	6.18
842	192.10103	6.19
843	217.11572	6.2
844	262.07016	6.2
845	300.11522	6.21
846	291.20617	6.22
847	281.18519	6.22
848	262.06977	6.25
849	356.21151	6.29
850	397.21227	6.32
851	399.2162	6.32
852	163.09882	6.33
853	185.09436	6.33
854	199.11014	6.33
855	189.07734	6.33
856	325.18947	6.34
857	242.15298	6.35
858	164.10581	6.36
859	256.16999	6.36
860	258.1749	6.36
861	356.21132	6.41
862	354.20634	6.42
863	199.10933	6.44
864	398.21372	6.44
865	320.08549	6.45
866	257.17196	6.45
867	286.17955	6.46
868	256.16967	6.47
869	397.21097	6.48
870	190.08539	6.49
871	409.17405	6.54
872	141.00894	6.58
873	326.08983	6.59
874	258.06661	6.59
875	304.10939	6.59
876	306.11327	6.59
877	446.32494	6.59
878	162.0539	6.61
879	234.00829	6.61
880	236.00518	6.61
881	238.0019	6.61
882	276.07728	6.61
883	413.17992	6.66
884	217.11025	6.68
885	305.11024	6.71
886	258.0004	6.72
887	217.11022	6.73
888	256.00303	6.73
889	383.17798	6.73
890	234.0073	6.74
891	304.1079	6.75
892	459.25338	6.78
893	250.18081	6.78
894	252.18517	6.8
895	164.06934	6.88
896	296.20138	6.88
897	250.18013	6.88
898	206.08098	6.89
899	298.20624	6.89
900	462.11106	6.89
901	260.0883	6.9
902	238.10691	6.9
903	352.15291	6.92
904	239.09316	6.94
905	135.07926	6.95
906	389.22687	6.95
907	359.12336	6.96
908	459.25375	6.96
909	238.10669	6.96
910	239.09018	6.97
911	250.17987	6.98
912	302.05831	7.01
913	336.123	7.03
914	296.20043	7.03
915	338.12858	7.04
916	273.03967	7.05
917	373.13979	7.05
918	318.20656	7.05
919	320.21132	7.05
920	325.18481	7.1
921	337.1258	7.1
922	324.1953	7.11
923	339.12504	7.13
924	326.21068	7.16
925	373.13876	7.16
926	200.11762	7.16
927	318.2055	7.16
928	337.12511	7.17
929	319.20807	7.18
930	341.1218	7.18
931	399.22684	7.18
932	348.13417	7.18
933	324.19437	7.21
934	318.20481	7.24
935	217.10799	7.27
936	399.22594	7.29
937	270.03246	7.3
938	473.17141	7.3
939	302.05958	7.31
940	308.22255	7.34
941	270.03231	7.38
942	192.10119	7.38
943	236.12704	7.39
944	273.13894	7.39
945	309.21811	7.39
946	311.22233	7.4
947	260.04108	7.4
948	258.04419	7.41
949	339.08125	7.42
950	302.05865	7.44
951	275.15421	7.48
952	258.04354	7.5
953	273.1382	7.5
954	315.09084	7.5
955	339.08048	7.5
956	310.21907	7.5
957	308.22162	7.51
958	378.08959	7.55
959	275.15379	7.56
960	309.21532	7.57
961	316.09205	7.58
962	422.1804	7.6
963	315.09029	7.6
964	416.22657	7.61
965	275.15392	7.64
966	433.2527	7.65
967	185.08007	7.69
968	264.0536	7.69
969	300.13673	7.69
970	340.10581	7.69
971	353.14034	7.69
972	355.13699	7.69
973	189.99875	7.7
974	224.02162	7.7
975	251.15383	7.7
976	362.08698	7.7
977	184.09618	7.71
978	357.13285	7.71
979	385.16308	7.71
980	188.00177	7.71
981	282.06372	7.71
982	322.09468	7.71
983	701.18515	7.71
984	295.14312	7.79
985	357.13194	7.8
986	385.16237	7.8
987	340.10523	7.81
988	135.04351	7.82
989	389.12599	7.83
990	391.12304	7.84
991	357.13161	7.87
992	553.33215	7.88
993	508.27489	7.93
994	389.12506	7.94
995	265.16988	7.95
996	363.10949	7.98
997	239.08875	8.01
998	389.12477	8.02
999	553.33162	8.02
1000	276.02613	8.05
1001	274.02921	8.05
1002	362.14965	8.08
1003	239.08873	8.11
1004	340.21737	8.11
1005	338.2116	8.12
1006	239.08809	8.13
1007	338.21126	8.22
1008	339.2138	8.24
1009	338.21077	8.3
1010	356.11428	8.3
1011	270.07551	8.3
1012	477.27861	8.31
1013	284.24345	8.32
1014	460.25323	8.32
1015	283.10703	8.41
1016	197.07993	8.49
1017	324.19577	8.5
1018	272.05955	8.55
1019	274.05653	8.55
1020	452.19253	8.59
1021	324.1947	8.63
1022	387.1357	8.64
1023	603.39915	8.64
1024	453.19416	8.66
1025	452.1911	8.7
1026	392.10533	8.71
1027	139.03787	8.71
1028	238.14281	8.73
1029	338.21159	8.77
1030	340.21664	8.77
1031	238.14278	8.81
1032	314.10464	8.81
1033	316.10156	8.81
1034	238.14224	8.88
1035	239.08767	8.9
1036	310.20129	8.9
1037	314.10405	8.91
1038	161.04073	8.92
1039	338.20976	8.96
1040	325.2278	9.01
1041	233.16402	9.02
1042	327.23232	9.03
1043	504.27884	9.03
1044	474.17215	9.07
1045	379.19979	9.1
1046	326.22962	9.14
1047	217.09123	9.15
1048	475.17419	9.15
1049	217.09294	9.17
1050	277.04898	9.18
1051	415.14506	9.18
1052	215.01307	9.19
1053	234.12715	9.19
1054	273.05523	9.19
1055	275.05237	9.19
1056	417.14978	9.19
1057	277.16878	9.19
1058	474.17117	9.19
1059	217.01005	9.21
1060	217.09025	9.22
1061	204.13755	9.24
1062	275.05171	9.28
1063	215.01264	9.29
1064	416.14622	9.29
1065	224.07342	9.3
1066	217.09482	9.31
1067	356.11555	9.31
1068	273.05483	9.34
1069	415.14372	9.35
1070	294.18435	9.37
1071	401.15318	9.46
1072	217.10685	9.54
1073	402.15445	9.55
1074	401.15118	9.6
1075	721.45473	9.63
1076	720.45193	9.68
1077	204.10133	9.69
1078	283.05711	9.71
1079	231.02853	9.72
1080	261.07626	9.74
1081	263.08028	9.74
1082	415.16813	9.74
1083	543.12455	9.74
1084	313.13589	9.75
1085	246.05162	9.76
1086	548.30543	9.77
1087	402.24159	9.81
1088	720.45053	9.81
1089	275.05214	9.84
1090	262.07811	9.84
1091	273.0552	9.85
1092	215.01289	9.85
1093	376.14652	9.86
1094	378.14374	9.87
1095	416.16968	9.87
1096	337.1966	9.88
1097	265.1321	9.91
1098	256.09711	9.92
1099	296.17584	9.92
1100	298.18017	9.92
1101	415.16699	9.93
1102	376.14592	9.95
1103	296.17476	10.03
1104	256.09626	10.04
1105	390.03559	10.07
1106	388.03761	10.07
1107	327.15208	10.08
1108	256.09607	10.1
1109	295.14293	10.13
1110	299.10809	10.15
1111	217.1064	10.18
1112	327.15119	10.18
1113	734.46815	10.18
1114	217.10776	10.21
1115	217.10756	10.23
1116	466.1895	10.24
1117	259.0202	10.27
1118	261.01607	10.28
1119	468.18721	10.28
1120	314.23707	10.31
1121	312.23216	10.31
1122	111.04365	10.31
1123	210.11204	10.32
1124	153.09017	10.34
1125	467.19128	10.34
1126	468.1862	10.34
1127	159.09036	10.35
1128	168.0649	10.35
1129	289.15018	10.35
1130	297.23153	10.35
1131	203.06612	10.36
1132	228.1632	10.36
1133	734.46599	10.36
1134	255.16938	10.37
1135	466.18847	10.37
1136	312.20027	10.42
1137	312.22966	10.42
1138	592.33136	10.47
1139	111.04328	10.47
1140	203.06497	10.47
1141	228.66513	10.47
1142	265.13227	10.52
1143	310.19186	10.52
1144	312.197	10.52
1145	312.226	10.52
1146	592.3306	10.58
1147	281.09845	10.59
1148	224.12783	10.61
1149	306.13428	10.61
1150	361.15549	10.61
1151	259.11638	10.62
1152	155.06946	10.62
1153	311.19326	10.64
1154	163.11086	10.65
1155	416.2209	10.66
1156	258.07548	10.7
1157	310.19124	10.71
1158	217.10871	10.71
1159	422.09513	10.73
1160	424.09992	10.74
1161	420.09668	10.74
1162	361.15466	10.75
1163	416.22026	10.76
1164	224.12729	10.77
1165	319.16176	10.8
1166	258.07505	10.81
1167	314.08353	10.83
1168	421.09894	10.84
1169	319.16096	10.89
1170	420.09563	10.91
1171	422.09358	10.91
1172	398.20751	10.96
1173	400.21149	10.96
1174	399.20945	11.05
1175	398.2071	11.06
1176	146.04639	11.08
1177	176.04434	11.09
1178	239.08894	11.11
1179	399.20785	11.11
1180	453.1863	11.12
1181	398.20626	11.13
1182	239.08994	11.16
1183	636.35782	11.2
1184	416.25637	11.22
1185	239.08719	11.3
1186	341.17319	11.32
1187	264.17498	11.55
1188	266.18028	11.56
1189	400.22498	11.56
1190	191.08468	11.57
1191	233.13162	11.57
1192	356.11474	11.64
1193	154.04904	11.66
1194	210.11178	11.68
1195	265.17687	11.71
1196	352.09429	11.72
1197	217.11325	11.75
1198	310.08479	11.75
1199	274.15933	11.82
1200	680.38352	11.89
1201	274.15835	11.93
1202	288.17509	11.97
1203	290.18072	11.98
1204	289.17748	12.1
1205	430.23565	12.17
1206	269.15261	12.19
1207	199.14709	12.21
1208	287.1626	12.21
1209	305.17306	12.21
1210	209.13135	12.22
1211	317.00295	12.31
1212	340.07905	12.31
1213	589.03512	12.33
1214	279.99752	12.35
1215	295.02233	12.35
1216	297.01826	12.35
1217	219.17324	12.36
1218	264.23107	12.38
1219	568.1715	12.4
1220	117.06916	12.42
1221	274.1588	12.42
1222	141.06912	12.44
1223	340.07808	12.45
1224	297.01814	12.45
1225	222.1115	12.46
1226	296.02378	12.47
1227	424.1348	12.5
1228	422.13757	12.51
1229	724.40926	12.55
1230	258.10969	12.66
1231	319.16296	12.67
1232	321.16716	12.68
1233	258.10907	12.76
1234	320.16484	12.79
1235	319.16199	12.8
1236	298.12531	12.82
1237	154.06742	12.83
1238	225.10115	12.85
1239	208.13253	12.97
1240	489.259	13.03
1241	290.18902	13.04
1242	441.27369	13.04
1243	330.20613	13.09
1244	312.19516	13.1
1245	241.13346	13.11
1246	441.27296	13.17
1247	286.13949	13.17
1248	117.06909	13.19
1249	288.17482	13.2
1250	552.40068	13.2
1251	330.20549	13.2
1252	141.06911	13.22
1253	363.20598	13.22
1254	387.19066	13.22
1255	412.21044	13.22
1256	432.16418	13.22
1257	574.38078	13.22
1258	290.18095	13.23
1259	702.44044	13.23
1260	229.04855	13.24
1261	397.12774	13.24
1262	415.13792	13.24
1263	437.11888	13.24
1264	460.19532	13.24
1265	247.05985	13.25
1266	289.17695	13.31
1267	363.20553	13.32
1268	552.39904	13.33
1269	202.02501	13.36
1270	460.19418	13.36
1271	288.17404	13.37
1272	397.12673	13.37
1273	217.05125	13.37
1274	415.13718	13.37
1275	432.16341	13.37
1276	262.10646	13.39
1277	318.04461	13.5
1278	239.08952	13.5
1279	316.04771	13.55
1280	239.0888	13.56
1281	400.05175	13.59
1282	316.04739	13.63
1283	455.28986	13.63
1284	457.2948	13.63
1285	398.05372	13.64
1286	718.47131	13.67
1287	425.19434	13.7
1288	400.0514	13.71
1289	461.21619	13.72
1290	180.17359	13.72
1291	226.18003	13.72
1292	244.19032	13.72
1293	443.20515	13.73
1294	198.18413	13.73
1295	208.16889	13.73
1296	266.17202	13.73
1297	325.17849	13.75
1298	217.10715	13.76
1299	456.2915	13.77
1300	344.09608	13.77
1301	379.19996	13.8
1302	342.09948	13.82
1303	455.28922	13.82
1304	275.99132	13.85
1305	226.17928	13.86
1306	461.21502	13.86
1307	273.99214	13.9
1308	119.04841	13.93
1309	194.14333	13.94
1310	237.19517	13.96
1311	192.13856	13.96
1312	717.4606	13.96
1313	716.45653	14.02
1314	448.15482	14.04
1315	450.15209	14.04
1316	575.25848	14.05
1317	193.14093	14.09
1318	264.15871	14.12
1319	201.12671	14.13
1320	451.15398	14.14
1321	335.0809	14.23
1322	333.07562	14.23
1323	217.11375	14.24
1324	217.11111	14.27
1325	228.23111	14.3
1326	406.18132	14.31
1327	217.11546	14.36
1328	334.07791	14.38
1329	333.07434	14.41
1330	419.23189	14.44
1331	462.28379	14.44
1332	504.29359	14.44
1333	406.18075	14.46
1334	341.17329	14.46
1335	399.2159	14.46
1336	417.22697	14.47
1337	323.16302	14.48
1338	292.22714	14.57
1339	399.21531	14.57
1340	462.28329	14.59
1341	236.16363	14.61
1342	417.22596	14.61
1343	293.22921	14.68
1344	292.22655	14.71
1345	331.04095	15.08
1346	354.15691	15.09
1347	230.11436	15.11
1348	352.15233	15.11
1349	570.30468	15.16
1350	353.15375	15.28
1351	261.05744	15.32
1352	358.23732	15.39
1353	369.0591	15.4
1354	386.08595	15.4
1355	391.04095	15.4
1356	309.03917	15.41
1357	285.03867	15.43
1358	267.02819	15.44
1359	327.04666	15.44
1360	290.21175	15.48
1361	369.05866	15.51
1362	358.23667	15.52
1363	267.02772	15.53
1364	702.44055	15.66
1365	239.08975	15.7
1366	239.09029	15.74
1367	239.08913	15.8
1368	239.08936	15.81
1369	239.0888	15.83
1370	398.22135	15.94
1371	601.27366	15.96
1372	325.12053	15.97
1373	338.35157	15.98
1374	396.21704	15.98
1375	303.14288	15.99
1376	301.14584	16.02
1377	501.30439	16.06
1378	338.35208	16.07
1379	303.14209	16.12
1380	338.35247	16.16
1381	337.97365	16.18
1382	839.38478	16.18
1383	335.97609	16.23
1384	217.11431	16.26
1385	325.05182	16.28
1386	301.07426	16.3
1387	257.06468	16.32
1388	285.05976	16.32
1389	303.07106	16.32
1390	217.11157	16.33
1391	283.06278	16.34
1392	323.05494	16.34
1393	217.10847	16.36
1394	255.06758	16.36
1395	217.11198	16.37
1396	255.06745	16.43
1397	301.0737	16.45
1398	303.07032	16.46
1399	279.17206	16.47
1400	377.21167	16.5
1401	321.1836	16.52
1402	399.19249	16.52
1403	317.15942	16.61
1404	315.16228	16.62
1405	239.09415	16.67
1406	357.20537	16.71
1407	339.1944	16.73
1408	422.26833	16.73
1409	316.16427	16.73
1410	716.45693	16.79
1411	409.21085	16.83
1412	716.45316	16.93
1413	225.14789	17.44
1414	223.06292	17.46
1415	278.18983	17.48
1416	141.06921	17.51
1417	228.19562	17.57
1418	152.06928	17.62
1419	121.02748	17.62
1420	212.14321	17.62
1421	316.20615	17.62
1422	318.21125	17.62
1423	446.18435	17.62
1424	225.19517	17.63
1425	272.09093	17.64
1426	321.10087	17.64
1427	250.17667	17.65
1428	485.21645	17.7
1429	212.14306	17.74
1430	250.17661	17.76
1431	317.2082	17.76
1432	446.1833	17.77
1433	316.20561	17.8
1434	250.17728	17.81
1435	311.19946	17.81
1436	228.19537	17.88
1437	239.08642	17.99
1438	279.09326	18.02
1439	239.08924	18.02
1440	279.09272	18.18
1441	320.2475	18.18
1442	318.24285	18.21
1443	366.9817	18.22
1444	362.98821	18.23
1445	364.98529	18.23
1446	194.11758	18.29
1447	138.05435	18.34
1448	319.24458	18.34
1449	362.98787	18.37
1450	501.30503	18.38
1451	523.28545	18.38
1452	518.33098	18.39
1453	366.98104	18.4
1454	483.29319	18.42
1455	364.98589	18.43
1456	194.11755	18.48
1457	518.32993	18.49
1458	501.30376	18.5
1459	478.17531	18.57
1460	292.20576	18.68
1461	478.17437	18.69
1462	362.98778	18.76
1463	364.98532	18.76
1464	366.98142	18.76
1465	292.20513	18.81
1466	453.27442	19.28
1467	453.27377	19.45
1468	217.10026	19.45
1469	217.0998	19.51
1470	216.06846	19.51
1471	217.09613	19.52
1472	217.09704	19.55
1473	362.10213	19.55
1474	340.12083	19.55
1475	385.17718	19.56
1476	362.1015	19.7
1477	481.23228	19.88
1478	477.23014	19.89
1479	266.15308	19.9
1480	478.23255	20.04
1481	288.05384	20.27
1482	139.03811	20.32
1483	415.21004	20.48
1484	397.19931	20.48
1485	435.21645	20.48
1486	351.13025	20.85
1487	178.08547	20.88
1488	329.14845	20.89
1489	374.20589	20.9
1490	471.2065	21.36
1491	328.0133	21.55
1492	330.01055	21.55
1493	105.03292	21.58
1494	250.08641	21.58
1495	282.14781	21.72
1496	328.01154	21.73
1497	216.13799	21.82
1498	457.2383	21.85
1499	216.13814	21.96
1500	418.34143	22.35
1501	373.28458	22.37
1502	460.35139	22.37
1503	375.28892	22.39
1504	266.15307	22.46
1505	455.18708	22.46
1506	457.18467	22.46
1507	418.34106	22.5
1508	374.28667	22.5
1509	373.28447	22.54
1510	325.15437	22.76
1511	254.21041	22.84
1512	325.15291	22.94
1513	423.0072	23.33
1514	421.00902	23.34
1515	414.03505	23.65
1516	181.08539	23.67
1517	471.23535	23.67
1518	203.06607	23.68
1519	267.16939	23.68
1520	469.22955	23.69
1521	256.26272	23.75
1522	203.06554	23.79
1523	278.03889	23.82
1524	470.23135	23.86
1525	333.26207	23.93
1526	239.09574	24.03
1527	509.47436	24.1
1528	255.24287	24.11
1529	311.18397	24.16
1530	431.06644	24.26
1531	265.05726	24.54
1532	283.06904	24.54
1533	283.06845	24.67
1534	121.02764	24.91
1535	138.05441	24.92
1536	205.12119	24.93
1537	222.1488	24.93
1538	244.13016	24.93
1539	205.1208	25.04
1540	249.14731	25.06
1541	163.11078	25.07
1542	221.15284	25.07
1543	267.15869	25.07
1544	284.18386	25.08
1545	392.17669	25.08
1546	394.17423	25.08
1547	407.16626	25.08
1548	402.21077	25.09
1549	234.13271	25.14
1550	179.10561	25.15
1551	305.1354	25.15
1552	283.15358	25.15
1553	328.21161	25.15
1554	219.13739	25.16
1555	237.14807	25.16
1556	587.28096	25.16
1557	223.1318	25.16
1558	423.25878	25.16
1559	191.14179	25.17
1560	201.12627	25.17
1561	229.12135	25.17
1562	247.13244	25.17
1563	300.17973	25.17
1564	209.15324	25.17
1565	314.19492	25.17
1566	370.22127	25.18
1567	521.2331	25.18
1568	151.1107	25.19
1569	265.14281	25.19
1570	393.28603	25.2
1571	449.34693	25.2
1572	768.53691	25.2
1573	463.32633	25.21
1574	796.56774	25.21
1575	376.25958	25.22
1576	378.26432	25.22
1577	398.24016	25.22
1578	407.30029	25.23
1579	395.28986	25.24
1580	421.31707	25.24
1581	423.32111	25.24
1582	516.36403	25.24
1583	328.21109	25.28
1584	427.14118	25.28
1585	305.13437	25.29
1586	209.15283	25.32
1587	601.37668	25.33
1588	377.26139	25.34
1589	392.1773	25.35
1590	394.17502	25.35
1591	393.28319	25.35
1592	376.2586	25.36
1593	421.31611	25.36
1594	258.10914	25.44
1595	347.15651	25.45
1596	406.19258	25.45
1597	408.19039	25.45
1598	239.08832	25.47
1599	239.09002	25.5
1600	266.15428	25.5
1601	479.23422	25.53
1602	239.08974	25.54
1603	345.20515	25.54
1604	447.27335	25.54
1605	492.10122	25.56
1606	375.17958	25.57
1607	404.17591	25.6
1608	415.21	25.61
1609	460.26775	25.61
1610	492.09993	25.61
1611	437.19145	25.62
1612	198.18511	25.63
1613	345.20462	25.64
1614	447.27201	25.67
1615	406.19316	25.67
1616	408.19115	25.67
1617	258.10934	25.68
1618	361.17228	25.7
1619	359.12333	25.83
1620	366.34762	25.85
1621	325.11187	25.93
1622	349.25722	25.93
1623	528.33632	25.93
1624	367.34886	25.98
1625	359.12185	25.99
1626	602.40896	25.99
1627	384.23646	25.99
1628	366.34731	26
1629	445.28893	26.07
1630	428.26324	26.09
1631	176.10616	26.17
1632	428.26237	26.17
1633	472.29009	26.19
1634	489.31594	26.19
1635	335.16282	26.2
1636	317.15259	26.2
1637	573.23064	26.2
1638	415.19001	26.21
1639	582.28619	26.21
1640	395.18376	26.22
1641	495.21876	26.22
1642	517.2	26.22
1643	540.27545	26.22
1644	475.21116	26.23
1645	489.31578	26.27
1646	495.21788	26.29
1647	516.31619	26.29
1648	533.34256	26.3
1649	540.27434	26.3
1650	380.36188	26.31
1651	295.20423	26.35
1652	495.21686	26.35
1653	313.21605	26.35
1654	665.15193	26.37
1655	663.15409	26.39
1656	315.09684	26.39
1657	348.32493	26.39
1658	517.31805	26.39
1659	280.67526	26.4
1660	329.11202	26.4
1661	176.10641	26.4
1662	289.18872	26.4
1663	328.09168	26.4
1664	560.34271	26.4
1665	577.36893	26.41
1666	372.14354	26.43
1667	370.13987	26.43
1668	516.3141	26.45
1669	313.21476	26.48
1670	176.10592	26.48
1671	578.36847	26.49
1672	311.20184	26.5
1673	604.3689	26.5
1674	621.39531	26.5
1675	489.12246	26.5
1676	560.34064	26.51
1677	302.6884	26.52
1678	176.10637	26.53
1679	409.1732	26.53
1680	239.0967	26.54
1681	520.1324	26.54
1682	387.19227	26.55
1683	432.24932	26.55
1684	324.70151	26.57
1685	333.21545	26.57
1686	370.13828	26.57
1687	648.39512	26.58
1688	665.42186	26.58
1689	604.36763	26.59
1690	387.19102	26.62
1691	312.09677	26.63
1692	435.1569	26.63
1693	666.42373	26.65
1694	333.21492	26.66
1695	346.71468	26.66
1696	355.22833	26.66
1697	692.42083	26.66
1698	709.44762	26.66
1699	665.4198	26.69
1700	305.00505	26.69
1701	321.01876	26.71
1702	303.00783	26.71
1703	323.01578	26.71
1704	736.44669	26.73
1705	368.72696	26.73
1706	377.24123	26.73
1707	753.47386	26.73
1708	622.4001	26.78
1709	321.018	26.79
1710	323.01424	26.79
1711	176.10649	26.8
1712	399.25404	26.8
1713	797.49909	26.8
1714	780.47223	26.8
1715	617.99909	26.81
1716	620.00416	26.81
1717	841.52497	26.85
1718	421.2672	26.85
1719	666.42541	26.85
1720	443.28019	26.91
1721	710.45171	26.91
1722	288.25251	26.95
1723	465.29319	26.95
1724	617.99784	26.98
1725	415.21147	27.01
1726	437.19236	27.01
1727	487.30635	27.01
1728	555.31669	27.01
1729	417.2172	27.01
1730	460.26884	27.01
1731	462.27413	27.01
1732	502.27824	27.01
1733	432.23677	27.02
1734	119.08447	27.02
1735	281.13746	27.02
1736	446.25221	27.03
1737	356.02609	27.04
1738	280.00977	27.05
1739	278.01266	27.05
1740	214.04103	27.06
1741	250.01763	27.06
1742	354.02883	27.06
1743	432.23599	27.08
1744	473.12906	27.08
1745	475.12735	27.08
1746	292.16863	27.1
1747	415.21027	27.13
1748	476.12848	27.17
1749	403.16698	27.2
1750	386.14191	27.2
1751	474.13132	27.21
1752	475.12553	27.21
1753	269.09873	27.21
1754	326.12038	27.22
1755	344.13121	27.22
1756	408.12368	27.22
1757	235.11094	27.22
1758	298.12496	27.23
1759	431.19924	27.23
1760	793.25673	27.23
1761	473.12812	27.23
1762	526.24641	27.24
1763	345.13367	27.3
1764	409.12577	27.31
1765	386.141	27.33
1766	408.12233	27.34
1767	344.12978	27.35
1768	239.08992	27.37
1769	182.06225	27.4
1770	239.08994	27.4
1771	306.1842	27.4
1772	141.11309	27.41
1773	355.0181	27.41
1774	471.14762	27.41
1775	386.14067	27.41
1776	569.12241	27.41
1777	353.02479	27.43
1778	286.99747	27.44
1779	348.0689	27.44
1780	285.00137	27.44
1781	331.04254	27.44
1782	127.03844	27.45
1783	257.00524	27.46
1784	376.09997	27.46
1785	494.15024	27.47
1786	369.06565	27.48
1787	371.06291	27.48
1788	496.14756	27.49
1789	516.13125	27.49
1790	539.20586	27.5
1791	376.09914	27.53
1792	437.19103	27.54
1793	415.2105	27.55
1794	331.04126	27.56
1795	617.14911	27.57
1796	619.14731	27.58
1797	310.08815	27.59
1798	285.00002	27.6
1799	494.1486	27.6
1800	516.22136	27.6
1801	518.22626	27.6
1802	538.1997	27.6
1803	249.60945	27.61
1804	256.29867	27.65
1805	416.08888	27.65
1806	418.08637	27.65
1807	517.22316	27.69
1808	516.21969	27.73
1809	239.08693	27.74
1810	239.08944	27.81
1811	648.03628	27.91
1812	646.03087	27.92
1813	317.24654	27.96
1814	304.29875	27.97
1815	299.2361	27.98
1816	239.08964	27.98
1817	239.09044	27.99
1818	646.02886	28.06
1819	217.11013	28.07
1820	435.97585	28.12
1821	217.11698	28.13
1822	433.979	28.13
1823	431.98153	28.13
1824	437.192	28.16
1825	555.31613	28.16
1826	460.26804	28.16
1827	625.11731	28.18
1828	627.11551	28.18
1829	415.2106	28.19
1830	602.21107	28.26
1831	348.16965	28.34
1832	387.15436	28.35
1833	326.32669	28.49
1834	239.09029	28.49
1835	315.25165	28.54
1836	332.2778	28.54
1837	337.23358	28.54
1838	279.23097	28.55
1839	297.24131	28.55
1840	482.99029	28.59
1841	223.06277	28.63
1842	602.21159	28.69
1843	481.25396	28.8
1844	441.26234	28.83
1845	459.27318	28.83
1846	504.32986	28.83
1847	325.17898	28.84
1848	371.15861	28.85
1849	392.25222	28.86
1850	399.24142	28.92
1851	442.2922	28.92
1852	484.30254	28.92
1853	337.21526	28.93
1854	397.23698	28.93
1855	569.09733	28.96
1856	836.66112	28.96
1857	567.09968	28.97
1858	337.21473	29
1859	398.23838	29.04
1860	397.23537	29.13
1861	283.19035	29.18
1862	521.14712	29.18
1863	239.09184	29.29
1864	284.331	29.32
1865	221.15223	29.33
1866	542.38822	29.39
1867	586.41443	29.43
1868	630.44058	29.43
1869	284.32951	29.44
1870	674.4664	29.46
1871	264.05922	29.48
1872	244.05176	29.49
1873	246.04876	29.49
1874	262.06221	29.5
1875	275.99145	29.54
1876	273.99243	29.55
1877	365.0712	29.56
1878	428.13908	29.57
1879	456.17064	29.58
1880	433.09493	29.59
1881	411.11322	29.59
1882	326.17382	29.59
1883	141.11331	29.6
1884	239.07829	29.6
1885	281.11774	29.6
1886	303.0985	29.6
1887	283.12305	29.61
1888	421.2215	29.64
1889	411.11237	29.66
1890	399.3568	29.67
1891	469.19295	29.72
1892	332.33039	29.75
1893	281.11653	29.76
1894	408.32264	29.85
1895	602.21097	29.86
1896	239.09478	29.86
1897	239.09211	29.9
1898	284.33148	29.96
1899	286.33777	29.96
1900	305.1085	29.97
1901	284.3314	30.09
1902	306.11003	30.09
1903	286.33719	30.09
1904	285.33478	30.12
1905	327.07649	30.16
1906	332.33022	30.16
1907	305.10802	30.16
1908	284.33115	30.2
1909	296.25715	30.23
1910	374.18495	30.26
1911	217.10783	30.27
1912	173.08051	30.29
1913	239.0903	30.31
1914	235.16835	30.33
1915	141.11301	30.36
1916	296.25739	30.39
1917	318.23895	30.39
1918	239.09625	30.4
1919	955.38531	30.41
1920	562.06489	30.43
1921	235.16755	30.43
1922	281.22548	30.55
1923	299.23652	30.55
1924	439.24381	30.55
1925	313.23338	30.56
1926	291.25215	30.58
1927	488.9771	30.61
1928	466.99561	30.62
1929	484.02179	30.62
1930	512.05304	30.62
1931	299.23602	30.65
1932	586.30406	30.66
1933	335.2786	30.66
1934	352.3046	30.68
1935	379.30425	30.72
1936	396.33102	30.72
1937	660.48751	30.72
1938	704.51364	30.72
1939	291.25183	30.74
1940	423.32985	30.74
1941	616.46186	30.74
1942	440.35718	30.75
1943	572.43519	30.75
1944	528.40898	30.76
1945	484.38289	30.76
1946	294.20534	30.77
1947	322.23654	30.78
1948	221.11672	30.79
1949	358.36629	30.82
1950	572.43474	30.86
1951	616.46079	30.88
1952	335.27858	30.9
1953	396.331	30.9
1954	239.0889	30.91
1955	141.11311	30.91
1956	484.38252	30.92
1957	239.09303	30.92
1958	440.35708	30.92
1959	379.30382	30.94
1960	357.29821	30.95
1961	550.18084	30.99
1962	434.33816	31
1963	517.35226	31
1964	270.31496	31.01
1965	495.3396	31.02
1966	473.32688	31.03
1967	326.37843	31.05
1968	328.38366	31.05
1969	451.31388	31.05
1970	370.40366	31.05
1971	884.5941	31.05
1972	457.27549	31.06
1973	429.3009	31.06
1974	840.56667	31.06
1975	420.78772	31.07
1976	452.32028	31.07
1977	796.54103	31.07
1978	307.3095	31.07
1979	141.11254	31.08
1980	752.51513	31.09
1981	355.28301	31.09
1982	395.27528	31.1
1983	708.48965	31.1
1984	370.4031	31.1
1985	284.33033	31.12
1986	664.4628	31.12
1987	328.32023	31.12
1988	356.27916	31.12
1989	360.36132	31.12
1990	753.51613	31.12
1991	620.43588	31.13
1992	452.31959	31.13
1993	326.37792	31.14
1994	430.38709	31.14
1995	383.27741	31.14
1996	400.30405	31.14
1997	434.33726	31.14
1998	576.40952	31.14
1999	423.4285	31.15
2000	532.38308	31.15
2001	444.33056	31.16
2002	488.35676	31.16
2003	293.17392	31.16
2004	357.29829	31.16
2005	406.08546	31.16
2006	298.34557	31.18
2007	397.29046	31.18
2008	237.11081	31.18
2009	628.32191	31.19
2010	360.36097	31.19
2011	1277.61776	31.19
2012	312.36249	31.19
2013	1255.63584	31.2
2014	314.34356	31.21
2015	314.36489	31.21
2016	280.26197	31.21
2017	394.32785	31.21
2018	354.3351	31.22
2019	372.34512	31.22
2020	440.17542	31.22
2021	464.15311	31.22
2022	485.23164	31.22
2023	487.22905	31.22
2024	529.23952	31.22
2025	580.27928	31.22
2026	901.32769	31.22
2027	442.17268	31.22
2028	457.20086	31.22
2029	459.19803	31.22
2030	462.15591	31.22
2031	471.21565	31.22
2032	527.24211	31.22
2033	896.36881	31.22
2034	898.36659	31.22
2035	903.32325	31.22
2036	582.27704	31.23
2037	234.13314	31.23
2038	284.33003	31.23
2039	230.07214	31.24
2040	250.14028	31.25
2041	313.36476	31.25
2042	355.28329	31.25
2043	373.29485	31.25
2044	418.35092	31.25
2045	326.37694	31.26
2046	354.40818	31.26
2047	395.27608	31.26
2048	426.91744	31.27
2049	348.25089	31.27
2050	393.29741	31.27
2051	422.92144	31.27
2052	424.91957	31.27
2053	792.56444	31.27
2054	854.57334	31.28
2055	253.19458	31.28
2056	269.24602	31.28
2057	271.2052	31.28
2058	882.6044	31.28
2059	280.26229	31.29
2060	298.27291	31.29
2061	308.29288	31.29
2062	320.25492	31.29
2063	312.36162	31.29
2064	440.17366	31.29
2065	792.56315	31.29
2066	442.17058	31.3
2067	606.26072	31.3
2068	628.24215	31.3
2069	298.34548	31.31
2070	313.14218	31.32
2071	335.12422	31.32
2072	503.22364	31.32
2073	577.51636	31.32
2074	792.56334	31.32
2075	194.11312	31.32
2076	392.31168	31.32
2077	775.29851	31.32
2078	797.27941	31.32
2079	293.17331	31.33
2080	388.15377	31.33
2081	496.34717	31.33
2082	501.30126	31.33
2083	596.59458	31.33
2084	471.37604	31.33
2085	493.35881	31.33
2086	388.39207	31.34
2087	223.09529	31.35
2088	296.18404	31.35
2089	303.14537	31.35
2090	356.35066	31.35
2091	517.23855	31.35
2092	279.15885	31.35
2093	281.16438	31.35
2094	301.14088	31.35
2095	324.21577	31.35
2096	579.29141	31.35
2097	340.39197	31.37
2098	426.30535	31.37
2099	448.31929	31.37
2100	599.08996	31.37
2101	601.08692	31.37
2102	621.07127	31.37
2103	834.57604	31.37
2104	141.11332	31.37
2105	149.02321	31.38
2106	205.08577	31.38
2107	317.11375	31.38
2108	486.34035	31.38
2109	790.55616	31.38
2110	121.02738	31.38
2111	419.26333	31.38
2112	249.12618	31.39
2113	746.52594	31.39
2114	167.05392	31.39
2115	223.06311	31.39
2116	228.2308	31.39
2117	297.0812	31.39
2118	312.36065	31.39
2119	751.48015	31.39
2120	259.15307	31.4
2121	281.04959	31.4
2122	361.22091	31.4
2123	371.09849	31.4
2124	383.20291	31.4
2125	389.11035	31.4
2126	406.27893	31.4
2127	411.09171	31.4
2128	496.34599	31.4
2129	674.49864	31.4
2130	335.27677	31.4
2131	485.20226	31.4
2132	501.32522	31.4
2133	702.49938	31.4
2134	707.45294	31.4
2135	709.51387	31.4
2136	378.24656	31.41
2137	353.19408	31.41
2138	437.3209	31.41
2139	471.3767	31.41
2140	493.35834	31.41
2141	533.25555	31.41
2142	629.26718	31.41
2143	630.47358	31.41
2144	658.47283	31.41
2145	661.48017	31.41
2146	664.45797	31.41
2147	641.44408	31.42
2148	482.22398	31.42
2149	586.44818	31.42
2150	614.447	31.42
2151	619.40058	31.42
2152	310.1823	31.43
2153	597.41829	31.43
2154	150.02532	31.43
2155	291.25082	31.43
2156	355.24779	31.43
2157	355.28219	31.43
2158	373.2934	31.43
2159	390.31861	31.43
2160	395.27585	31.43
2161	396.28012	31.43
2162	542.42304	31.43
2163	553.39281	31.44
2164	570.42048	31.44
2165	573.42741	31.44
2166	575.37457	31.44
2167	790.55299	31.44
2168	854.57401	31.44
2169	280.16044	31.45
2170	350.28851	31.45
2171	498.39724	31.45
2172	509.36635	31.45
2173	526.39403	31.45
2174	604.53434	31.45
2175	454.37117	31.45
2176	183.1371	31.45
2177	227.19969	31.45
2178	333.26186	31.45
2179	355.24522	31.45
2180	399.27013	31.45
2181	531.3485	31.45
2182	377.28857	31.46
2183	394.31445	31.46
2184	421.31377	31.46
2185	438.34124	31.46
2186	443.29597	31.46
2187	482.36756	31.46
2188	487.32224	31.46
2189	747.52824	31.46
2190	200.19968	31.46
2191	291.25097	31.46
2192	297.24084	31.46
2193	302.14242	31.46
2194	319.22273	31.46
2195	335.27716	31.46
2196	672.48748	31.46
2197	775.60074	31.46
2198	383.20244	31.47
2199	279.23004	31.48
2200	536.1635	31.48
2201	704.50462	31.48
2202	824.64271	31.48
2203	368.42359	31.48
2204	702.49911	31.48
2205	301.14014	31.49
2206	324.28781	31.49
2207	346.27	31.49
2208	452.51712	31.49
2209	791.5526	31.49
2210	149.02251	31.49
2211	279.15783	31.49
2212	285.2886	31.49
2213	340.3922	31.49
2214	395.27569	31.49
2215	572.42657	31.49
2216	577.51817	31.49
2217	616.45272	31.49
2218	705.57829	31.49
2219	817.58547	31.49
2220	217.10438	31.5
2221	239.08676	31.5
2222	370.32981	31.5
2223	392.31169	31.5
2224	585.44136	31.5
2225	758.21888	31.5
2226	805.56552	31.5
2227	374.30148	31.51
2228	527.39627	31.51
2229	612.55286	31.51
2230	716.51744	31.51
2231	750.52477	31.51
2232	766.53196	31.51
2233	200.2005	31.51
2234	396.32803	31.51
2235	672.37157	31.51
2236	746.52714	31.51
2237	227.19924	31.52
2238	291.25096	31.52
2239	334.30873	31.52
2240	428.27756	31.52
2241	432.06467	31.52
2242	434.06169	31.52
2243	536.16491	31.52
2244	760.53952	31.52
2245	774.59865	31.52
2246	322.14305	31.52
2247	498.03683	31.52
2248	512.05253	31.52
2249	570.42017	31.52
2250	404.97603	31.52
2251	437.25337	31.52
2252	466.99636	31.52
2253	469.9951	31.52
2254	484.02266	31.52
2255	501.28335	31.52
2256	504.94997	31.52
2257	528.91565	31.52
2258	596.59567	31.52
2259	597.59828	31.52
2260	717.51958	31.52
2261	722.50873	31.52
2262	523.26513	31.53
2263	107.0846	31.53
2264	109.10026	31.53
2265	135.07958	31.53
2266	142.11872	31.53
2267	153.09028	31.53
2268	155.10625	31.53
2269	155.12749	31.53
2270	170.1162	31.53
2271	172.13257	31.53
2272	188.12748	31.53
2273	194.11431	31.53
2274	210.10893	31.53
2275	306.23926	31.53
2276	312.25183	31.53
2277	330.26261	31.53
2278	347.28899	31.53
2279	352.24574	31.53
2280	361.3044	31.53
2281	368.21789	31.53
2282	681.48625	31.53
2283	125.09506	31.54
2284	165.11147	31.54
2285	350.22876	31.54
2286	375.32039	31.54
2287	390.23745	31.54
2288	417.33009	31.54
2289	659.49702	31.54
2290	678.47659	31.54
2291	790.54837	31.54
2292	992.70837	31.54
2293	526.39356	31.54
2294	571.42277	31.54
2295	628.46127	31.54
2296	449.26738	31.55
2297	614.44685	31.55
2298	200.19956	31.55
2299	205.08499	31.55
2300	658.47308	31.55
2301	718.53246	31.55
2302	760.54091	31.55
2303	377.28756	31.56
2304	634.44994	31.56
2305	333.27714	31.56
2306	396.3307	31.56
2307	440.35619	31.56
2308	590.42409	31.56
2309	301.14027	31.57
2310	394.07191	31.57
2311	536.16377	31.57
2312	900.65978	31.57
2313	390.29585	31.57
2314	413.37126	31.57
2315	710.51637	31.57
2316	239.08812	31.58
2317	343.2097	31.58
2318	523.26461	31.58
2319	546.3975	31.58
2320	758.21943	31.58
2321	610.18103	31.58
2322	331.22299	31.59
2323	458.3453	31.59
2324	501.28237	31.59
2325	554.38932	31.59
2326	326.26646	31.59
2327	502.3712	31.59
2328	546.48389	31.59
2329	594.57977	31.59
2330	603.5328	31.59
2331	663.4531	31.59
2332	708.51139	31.59
2333	281.24627	31.59
2334	299.25629	31.59
2335	323.89743	31.59
2336	548.50108	31.59
2337	680.47935	31.59
2338	254.24633	31.6
2339	349.93245	31.6
2340	351.92956	31.6
2341	353.92609	31.6
2342	396.3308	31.6
2343	450.42873	31.6
2344	744.58881	31.61
2345	840.64084	31.61
2346	536.16313	31.61
2347	279.15779	31.62
2348	326.15877	31.62
2349	330.26241	31.62
2350	375.32078	31.62
2351	396.33156	31.62
2352	612.55297	31.62
2353	142.12071	31.62
2354	153.09	31.62
2355	155.10634	31.62
2356	170.11561	31.62
2357	171.10106	31.62
2358	172.13273	31.62
2359	188.12763	31.62
2360	347.28877	31.62
2361	361.30445	31.62
2362	368.21775	31.62
2363	417.33024	31.62
2364	421.16242	31.62
2365	659.49978	31.62
2366	681.49394	31.62
2367	992.709	31.62
2368	1014.69017	31.62
2369	107.08436	31.63
2370	109.10048	31.63
2371	125.09526	31.63
2372	135.07959	31.63
2373	165.11163	31.63
2374	194.11467	31.63
2375	210.10917	31.63
2376	238.1038	31.63
2377	306.23983	31.63
2378	352.24615	31.63
2379	467.9976	31.63
2380	536.1627	31.63
2381	972.78124	31.63
2382	164.10355	31.63
2383	180.09779	31.63
2384	193.10646	31.63
2385	211.20476	31.63
2386	229.21482	31.63
2387	285.2421	31.63
2388	303.2523	31.63
2389	325.23433	31.63
2390	320.2787	31.64
2391	484.02123	31.64
2392	627.47788	31.64
2393	679.52034	31.64
2394	776.57283	31.64
2395	282.2786	31.64
2396	328.2838	31.64
2397	339.21267	31.64
2398	351.26954	31.64
2399	368.31447	31.64
2400	466.99542	31.65
2401	543.37904	31.65
2402	618.57642	31.65
2403	638.57077	31.65
2404	643.52532	31.65
2405	700.62085	31.65
2406	812.65085	31.65
2407	301.14081	31.65
2408	536.16738	31.65
2409	685.43448	31.65
2410	721.5721	31.65
2411	732.54585	31.65
2412	554.38765	31.66
2413	705.57895	31.66
2414	521.36661	31.66
2415	523.26423	31.66
2416	141.11359	31.67
2417	335.27821	31.67
2418	518.08016	31.67
2419	702.49983	31.67
2420	546.21753	31.67
2421	551.1724	31.67
2422	281.24645	31.68
2423	688.51885	31.68
2424	319.29554	31.68
2425	797.28234	31.69
2426	315.1734	31.69
2427	388.1548	31.69
2428	499.35361	31.69
2429	574.24825	31.69
2430	644.50913	31.69
2431	669.29652	31.69
2432	775.30114	31.69
2433	803.55918	31.69
2434	817.58685	31.69
2435	820.35677	31.69
2436	980.67174	31.69
2437	173.08081	31.7
2438	373.34087	31.7
2439	536.16671	31.7
2440	141.11454	31.7
2441	217.10769	31.7
2442	441.33014	31.71
2443	600.46691	31.71
2444	699.59314	31.71
2445	750.52569	31.71
2446	337.32815	31.71
2447	399.39252	31.71
2448	477.34139	31.71
2449	479.81795	31.71
2450	482.36694	31.71
2451	618.57681	31.71
2452	716.51981	31.71
2453	936.64639	31.71
2454	570.42065	31.72
2455	377.32	31.72
2456	457.20306	31.72
2457	468.82664	31.72
2458	556.44057	31.72
2459	597.30815	31.72
2460	279.09157	31.72
2461	603.53255	31.72
2462	281.2461	31.73
2463	455.32753	31.73
2464	457.80484	31.73
2465	474.22927	31.73
2466	512.41471	31.73
2467	666.4258	31.73
2468	685.43353	31.73
2469	900.65938	31.73
2470	195.12174	31.73
2471	239.08825	31.73
2472	359.14946	31.73
2473	446.8136	31.73
2474	502.26102	31.73
2475	892.62024	31.73
2476	361.22142	31.74
2477	523.26513	31.74
2478	353.19455	31.74
2479	424.36172	31.74
2480	468.38838	31.74
2481	543.33797	31.74
2482	776.57184	31.74
2483	157.01214	31.75
2484	217.09082	31.75
2485	259.15407	31.75
2486	323.13034	31.75
2487	425.21437	31.75
2488	438.34079	31.75
2489	441.18745	31.75
2490	442.29334	31.75
2491	448.29009	31.75
2492	454.27596	31.75
2493	479.1846	31.75
2494	490.30196	31.75
2495	551.1722	31.75
2496	641.31216	31.75
2497	151.0955	31.75
2498	213.07495	31.75
2499	244.18981	31.75
2500	269.1375	31.75
2501	273.09654	31.75
2502	329.15946	31.75
2503	331.16381	31.75
2504	380.3354	31.75
2505	386.23104	31.75
2506	403.23281	31.75
2507	405.23694	31.75
2508	407.33471	31.75
2509	420.25772	31.75
2510	427.21947	31.75
2511	433.31498	31.75
2512	435.7917	31.75
2513	557.35295	31.75
2514	622.39912	31.75
2515	827.43951	31.75
2516	217.0338	31.76
2517	282.27762	31.76
2518	363.30911	31.76
2519	424.80098	31.76
2520	432.29397	31.76
2521	732.54578	31.76
2522	848.59499	31.76
2523	853.54861	31.76
2524	227.19991	31.77
2525	350.26545	31.77
2526	596.60013	31.77
2527	680.48271	31.77
2528	708.51757	31.77
2529	840.64366	31.77
2530	287.22164	31.77
2531	663.46008	31.77
2532	199.16937	31.78
2533	309.20309	31.78
2534	578.37306	31.78
2535	638.57473	31.78
2536	688.51937	31.78
2537	111.11654	31.78
2538	201.17479	31.78
2539	304.2478	31.78
2540	787.54019	31.78
2541	804.56828	31.78
2542	411.30129	31.79
2543	413.77881	31.79
2544	477.34006	31.79
2545	809.52312	31.79
2546	778.54353	31.79
2547	402.78778	31.79
2548	644.49467	31.79
2549	780.61763	31.79
2550	329.15811	31.8
2551	893.62222	31.8
2552	376.318	31.8
2553	399.39306	31.8
2554	765.49651	31.8
2555	856.63262	31.8
2556	224.20008	31.81
2557	245.22557	31.81
2558	301.28822	31.81
2559	336.32557	31.81
2560	760.54262	31.81
2561	210.1843	31.81
2562	211.1686	31.81
2563	263.23629	31.81
2564	280.26338	31.81
2565	302.2446	31.81
2566	374.30248	31.81
2567	455.32708	31.81
2568	743.51367	31.81
2569	745.64007	31.81
2570	175.14705	31.82
2571	193.15792	31.82
2572	212.19977	31.82
2573	242.21058	31.82
2574	319.29494	31.82
2575	338.33117	31.82
2576	392.31292	31.82
2577	415.38835	31.82
2578	600.46665	31.82
2579	335.29367	31.82
2580	352.32092	31.82
2581	860.59769	31.83
2582	556.4404	31.83
2583	612.42992	31.83
2584	699.48711	31.83
2585	714.2356	31.83
2586	509.27579	31.84
2587	716.51614	31.84
2588	721.47025	31.84
2589	986.59696	31.84
2590	133.10013	31.85
2591	193.15742	31.85
2592	228.19576	31.85
2593	265.1941	31.85
2594	325.21498	31.85
2595	337.19996	31.85
2596	433.31425	31.85
2597	485.28928	31.85
2598	487.29413	31.85
2599	502.31577	31.85
2600	507.27115	31.85
2601	512.41443	31.85
2602	516.3303	31.85
2603	523.24412	31.85
2604	530.34714	31.85
2605	543.34067	31.85
2606	572.3568	31.85
2607	625.39543	31.85
2608	639.41012	31.85
2609	876.59473	31.85
2610	991.55287	31.85
2611	142.15786	31.85
2612	211.16808	31.85
2613	262.177	31.86
2614	275.25724	31.86
2615	337.32808	31.86
2616	407.33516	31.86
2617	468.38815	31.86
2618	848.59385	31.86
2619	287.22065	31.86
2620	297.23866	31.86
2621	341.26437	31.86
2622	424.36177	31.86
2623	675.49716	31.86
2624	380.33553	31.87
2625	655.46063	31.87
2626	672.48946	31.87
2627	804.56854	31.87
2628	363.30942	31.87
2629	677.44303	31.87
2630	300.28904	31.88
2631	319.28506	31.88
2632	322.27029	31.88
2633	425.21292	31.89
2634	948.53058	31.89
2635	953.48615	31.89
2636	403.2313	31.89
2637	628.46341	31.89
2638	631.47128	31.89
2639	633.41679	31.89
2640	239.08844	31.9
2641	280.26275	31.9
2642	309.20215	31.9
2643	611.435	31.9
2644	199.16877	31.91
2645	310.30962	31.92
2646	625.39481	31.92
2647	485.28836	31.92
2648	530.34599	31.92
2649	567.40735	31.93
2650	587.44384	31.93
2651	589.3905	31.93
2652	584.43665	31.93
2653	716.51616	31.93
2654	424.36169	31.94
2655	507.27037	31.94
2656	512.41443	31.94
2657	643.52733	31.94
2658	760.54229	31.94
2659	392.31195	31.95
2660	371.10008	31.95
2661	480.15488	31.95
2662	297.08166	31.96
2663	336.32182	31.96
2664	363.30903	31.96
2665	445.11757	31.96
2666	463.12921	31.96
2667	485.11053	31.96
2668	674.49519	31.97
2669	540.41097	31.97
2670	545.36445	31.97
2671	502.31724	31.98
2672	239.08913	31.98
2673	468.38757	31.98
2674	327.25254	31.99
2675	390.27474	31.99
2676	397.37805	31.99
2677	672.4896	31.99
2678	930.51875	31.99
2679	335.29394	31.99
2680	352.32178	31.99
2681	354.3264	31.99
2682	376.30797	31.99
2683	410.37282	31.99
2684	492.42523	31.99
2685	585.43943	31.99
2686	630.46765	31.99
2687	374.30331	31.99
2688	725.61611	31.99
2689	496.38465	32.01
2690	498.38869	32.01
2691	501.3384	32.01
2692	584.43637	32.01
2693	628.46325	32.01
2694	317.2681	32.02
2695	367.24413	32.02
2696	507.26943	32.02
2697	201.14745	32.02
2698	343.21009	32.03
2699	365.19144	32.03
2700	269.13754	32.03
2701	380.27649	32.03
2702	433.1059	32.03
2703	812.6136	32.03
2704	862.60854	32.03
2705	530.34526	32.04
2706	625.39435	32.04
2707	422.34628	32.04
2708	546.92382	32.04
2709	790.57582	32.04
2710	199.1688	32.05
2711	227.19966	32.05
2712	287.21973	32.05
2713	387.30918	32.05
2714	405.3198	32.05
2715	427.30208	32.05
2716	435.32944	32.05
2717	452.35801	32.05
2718	457.31217	32.05
2719	357.07077	32.06
2720	374.30241	32.06
2721	454.36244	32.06
2722	541.4122	32.06
2723	818.58431	32.06
2724	398.23111	32.06
2725	804.5709	32.06
2726	644.53096	32.07
2727	746.56434	32.07
2728	774.56328	32.07
2729	496.38392	32.08
2730	540.40997	32.08
2731	583.38334	32.08
2732	639.57738	32.08
2733	326.3049	32.08
2734	348.28645	32.08
2735	702.53525	32.09
2736	311.29383	32.09
2737	639.57859	32.09
2738	730.53156	32.09
2739	705.58058	32.1
2740	408.33167	32.11
2741	658.50826	32.11
2742	780.61886	32.11
2743	938.49227	32.11
2744	353.3242	32.11
2745	391.30328	32.11
2746	410.33661	32.11
2747	413.2858	32.11
2748	436.36114	32.11
2749	585.43945	32.11
2750	639.5745	32.11
2751	686.50362	32.11
2752	688.5058	32.11
2753	691.45897	32.11
2754	718.52404	32.11
2755	735.48466	32.11
2756	796.6144	32.11
2757	816.56835	32.11
2758	217.10724	32.12
2759	240.09134	32.12
2760	200.20086	32.12
2761	644.47985	32.12
2762	769.41429	32.12
2763	930.51996	32.12
2764	935.47622	32.12
2765	958.55073	32.12
2766	283.26183	32.12
2767	351.24895	32.13
2768	309.12928	32.13
2769	452.35742	32.13
2770	642.47891	32.14
2771	647.43232	32.14
2772	775.56592	32.14
2773	419.23641	32.14
2774	614.48206	32.14
2775	700.62253	32.14
2776	772.54021	32.14
2777	803.56037	32.14
2778	674.49382	32.15
2779	705.58019	32.15
2780	309.12926	32.15
2781	570.456	32.16
2782	598.4526	32.16
2783	603.40598	32.16
2784	311.29261	32.17
2785	278.24438	32.17
2786	369.26	32.17
2787	509.34589	32.17
2788	531.32593	32.17
2789	685.43554	32.17
2790	731.5354	32.17
2791	774.567	32.17
2792	227.20033	32.18
2793	256.26386	32.18
2794	258.26928	32.18
2795	347.27851	32.18
2796	364.30483	32.18
2797	414.29546	32.18
2798	491.33463	32.18
2799	511.51809	32.18
2800	526.43008	32.18
2801	554.42519	32.18
2802	630.46726	32.18
2803	918.70805	32.18
2804	297.28929	32.18
2805	309.13093	32.18
2806	351.24954	32.18
2807	393.29329	32.18
2808	629.46667	32.18
2809	705.58089	32.18
2810	758.22221	32.18
2811	413.28455	32.19
2812	728.51454	32.19
2813	817.59267	32.19
2814	333.29872	32.19
2815	700.62264	32.19
2816	151.0959	32.19
2817	200.20097	32.19
2818	239.08999	32.19
2819	301.14055	32.19
2820	310.30921	32.19
2821	311.255	32.19
2822	374.30371	32.19
2823	394.3513	32.19
2824	421.35052	32.19
2825	663.45783	32.19
2826	699.59519	32.19
2827	721.57435	32.19
2828	429.36889	32.2
2829	438.37792	32.2
2830	482.40434	32.2
2831	510.39859	32.2
2832	596.59805	32.2
2833	617.46812	32.2
2834	730.52986	32.2
2835	309.1308	32.2
2836	687.50688	32.2
2837	708.51361	32.2
2838	255.23091	32.21
2839	383.27491	32.21
2840	405.31985	32.21
2841	409.333	32.21
2842	427.30132	32.21
2843	443.33219	32.21
2844	466.37298	32.21
2845	614.4799	32.21
2846	643.51167	32.21
2847	663.45697	32.21
2848	680.48096	32.21
2849	195.12201	32.21
2850	355.28027	32.21
2851	141.1137	32.22
2852	232.07553	32.22
2853	250.0866	32.22
2854	338.34211	32.22
2855	350.32514	32.22
2856	364.21653	32.22
2857	370.26962	32.22
2858	377.32629	32.22
2859	386.1986	32.22
2860	596.59926	32.22
2861	638.57231	32.22
2862	1004.73208	32.22
2863	217.10797	32.22
2864	252.09135	32.22
2865	362.21119	32.22
2866	379.23803	32.22
2867	381.24273	32.22
2868	384.19324	32.22
2869	393.25418	32.22
2870	400.16618	32.22
2871	407.26893	32.22
2872	449.27775	32.22
2873	584.43705	32.22
2874	603.53553	32.22
2875	745.39638	32.22
2876	155.12813	32.23
2877	203.07224	32.23
2878	204.08002	32.23
2879	378.30098	32.23
2880	674.45739	32.23
2881	679.41522	32.23
2882	684.48776	32.23
2883	812.61699	32.23
2884	364.30069	32.23
2885	686.50123	32.24
2886	702.21226	32.24
2887	813.62319	32.24
2888	408.32998	32.25
2889	1020.49087	32.25
2890	1015.53577	32.25
2891	695.3566	32.25
2892	598.4506	32.26
2893	875.38488	32.26
2894	974.96049	32.26
2895	654.33166	32.27
2896	657.33624	32.27
2897	972.482	32.27
2898	724.37285	32.28
2899	791.42487	32.28
2900	1290.63125	32.28
2901	1291.13369	32.28
2902	1318.66065	32.28
2903	531.27306	32.28
2904	548.299	32.28
2905	637.305	32.28
2906	659.28691	32.28
2907	668.34591	32.28
2908	682.3629	32.28
2909	777.41084	32.28
2910	977.43811	32.28
2911	1295.58711	32.28
2912	1296.08969	32.28
2913	642.47742	32.29
2914	671.37879	32.29
2915	331.28286	32.29
2916	576.3302	32.29
2917	700.31199	32.29
2918	256.26296	32.3
2919	313.27305	32.3
2920	526.42946	32.3
2921	695.35619	32.3
2922	452.35659	32.31
2923	482.40325	32.31
2924	554.42417	32.31
2925	354.33907	32.31
2926	686.35786	32.32
2927	691.31156	32.32
2928	714.38666	32.32
2929	768.58228	32.32
2930	377.32427	32.33
2931	438.37696	32.33
2932	250.08556	32.34
2933	643.50945	32.34
2934	239.08961	32.34
2935	638.30744	32.35
2936	918.57541	32.36
2937	304.26035	32.37
2938	265.25207	32.37
2939	282.27935	32.37
2940	659.28581	32.37
2941	247.24119	32.38
2942	563.55041	32.38
2943	944.72361	32.38
2944	284.2854	32.38
2945	682.36187	32.42
2946	812.65942	32.42
2947	250.08491	32.43
2948	598.45068	32.43
2949	777.40976	32.43
2950	494.56362	32.44
2951	637.30354	32.44
2952	639.57358	32.44
2953	654.33091	32.44
2954	591.49402	32.45
2955	699.59424	32.45
2956	577.51795	32.45
2957	605.54714	32.45
2958	774.60435	32.45
2959	239.23684	32.46
2960	257.24686	32.46
2961	265.25163	32.46
2962	282.2788	32.46
2963	313.27386	32.46
2964	315.25354	32.46
2965	315.27806	32.46
2966	385.25418	32.46
2967	420.34229	32.46
2968	551.50095	32.46
2969	612.55378	32.46
2970	643.52814	32.46
2971	685.43481	32.46
2972	790.55483	32.46
2973	1015.71091	32.46
2974	327.2523	32.46
2975	331.28399	32.46
2976	353.26606	32.46
2977	354.32854	32.46
2978	367.24476	32.46
2979	431.20683	32.46
2980	638.56851	32.46
2981	333.28976	32.47
2982	348.31036	32.47
2983	350.31474	32.47
2984	355.27057	32.47
2985	683.54258	32.47
2986	691.52657	32.47
2987	713.51267	32.47
2988	345.26202	32.48
2989	371.31247	32.48
2990	383.23838	32.48
2991	270.27818	32.49
2992	404.34698	32.49
2993	603.53178	32.49
2994	618.57298	32.49
2995	364.35566	32.49
2996	680.47888	32.49
2997	663.45266	32.5
2998	699.59339	32.5
2999	768.58119	32.5
3000	212.19955	32.51
3001	638.5698	32.51
3002	349.31263	32.51
3003	682.36116	32.51
3004	336.32504	32.52
3005	376.31772	32.52
3006	683.54163	32.52
3007	319.29841	32.52
3008	354.27098	32.52
3009	354.33462	32.52
3010	700.61879	32.52
3011	654.33071	32.54
3012	812.65845	32.54
3013	911.47425	32.54
3014	738.53515	32.55
3015	348.3099	32.56
3016	399.39205	32.56
3017	308.29357	32.57
3018	331.2274	32.57
3019	331.28309	32.57
3020	724.55577	32.57
3021	353.26544	32.57
3022	694.50474	32.57
3023	217.10644	32.58
3024	282.27844	32.58
3025	313.27312	32.59
3026	685.4344	32.6
3027	752.58703	32.6
3028	716.54617	32.6
3029	791.56527	32.6
3030	803.55968	32.6
3031	672.51923	32.61
3032	812.65756	32.61
3033	817.59205	32.61
3034	705.58097	32.61
3035	721.57388	32.61
3036	750.53013	32.61
3037	301.1406	32.62
3038	393.29617	32.62
3039	239.0896	32.62
3040	327.00822	32.62
3041	708.51219	32.62
3042	141.11401	32.63
3043	371.31441	32.63
3044	680.48083	32.63
3045	173.0807	32.63
3046	628.49435	32.63
3047	217.10758	32.64
3048	329.00428	32.64
3049	638.57165	32.64
3050	663.45462	32.64
3051	700.6198	32.64
3052	699.59488	32.64
3053	726.62095	32.64
3054	149.02293	32.65
3055	199.11045	32.65
3056	744.59216	32.65
3057	863.49205	32.65
3058	219.17343	32.65
3059	329.0059	32.65
3060	479.41871	32.65
3061	593.34584	32.65
3062	603.5337	32.65
3063	719.41444	32.65
3064	916.54221	32.65
3065	254.21005	32.65
3066	331.22695	32.65
3067	575.33477	32.65
3068	591.33002	32.65
3069	737.42517	32.65
3070	819.50375	32.65
3071	881.5035	32.65
3072	899.51486	32.65
3073	921.49763	32.65
3074	944.57192	32.65
3075	687.38831	32.66
3076	270.27761	32.66
3077	151.09559	32.67
3078	333.24136	32.67
3079	408.36461	32.67
3080	849.47628	32.67
3081	584.47029	32.67
3082	380.35107	32.69
3083	1000.74926	32.69
3084	1306.81476	32.69
3085	1028.84394	32.69
3086	760.56997	32.7
3087	1047.68349	32.7
3088	149.13142	32.71
3089	417.36707	32.71
3090	540.44511	32.71
3091	198.18471	32.71
3092	236.16102	32.71
3093	528.29412	32.71
3094	640.38338	32.71
3095	1048.77094	32.71
3096	107.08449	32.72
3097	131.08447	32.72
3098	141.11418	32.72
3099	147.11573	32.72
3100	173.13134	32.72
3101	175.14718	32.72
3102	191.14262	32.72
3103	193.15792	32.72
3104	208.16915	32.72
3105	209.15456	32.72
3106	211.16862	32.72
3107	220.16617	32.72
3108	221.17449	32.72
3109	226.17987	32.72
3110	228.19564	32.72
3111	249.16876	32.72
3112	250.17744	32.72
3113	266.17216	32.72
3114	362.30205	32.72
3115	368.31443	32.72
3116	402.33076	32.72
3117	406.29231	32.72
3118	408.30905	32.72
3119	424.28086	32.72
3120	444.37758	32.72
3121	473.39338	32.72
3122	496.41884	32.72
3123	526.43172	32.72
3124	771.64562	32.72
3125	1070.7542	32.72
3126	163.14725	32.72
3127	181.15771	32.72
3128	244.19104	32.72
3129	386.32557	32.72
3130	431.38406	32.72
3131	180.17343	32.72
3132	433.38822	32.72
3133	793.62689	32.72
3134	410.31308	32.73
3135	716.5431	32.74
3136	750.52467	32.74
3137	817.57684	32.74
3138	347.31372	32.74
3139	371.10027	32.74
3140	391.34009	32.74
3141	452.39272	32.74
3142	537.14937	32.74
3143	663.45582	32.74
3144	921.4963	32.74
3145	554.1745	32.75
3146	672.51658	32.75
3147	559.12925	32.76
3148	680.48433	32.76
3149	724.55585	32.78
3150	917.54374	32.78
3151	357.29838	32.79
3152	628.49246	32.79
3153	217.10644	32.81
3154	584.46955	32.81
3155	916.54002	32.81
3156	239.0895	32.81
3157	301.14034	32.81
3158	309.13019	32.81
3159	610.18404	32.81
3160	758.22352	32.81
3161	141.11362	32.82
3162	536.1654	32.82
3163	681.50278	32.82
3164	393.29585	32.82
3165	694.49459	32.83
3166	736.54252	32.83
3167	155.12793	32.83
3168	317.28226	32.84
3169	334.30957	32.84
3170	710.51747	32.84
3171	805.56571	32.84
3172	817.57557	32.84
3173	429.25176	32.85
3174	540.44486	32.85
3175	921.49457	32.85
3176	844.59703	32.85
3177	496.41866	32.86
3178	309.12917	32.87
3179	386.32495	32.87
3180	173.13121	32.88
3181	208.16852	32.88
3182	163.14688	32.88
3183	175.14715	32.88
3184	181.15773	32.88
3185	193.1578	32.88
3186	211.16853	32.88
3187	220.1659	32.88
3188	221.17425	32.88
3189	226.1794	32.88
3190	227.16438	32.88
3191	228.1954	32.88
3192	236.16045	32.88
3193	250.17724	32.88
3194	266.17208	32.88
3195	325.26997	32.88
3196	362.30178	32.88
3197	391.34039	32.88
3198	408.30988	32.88
3199	408.35765	32.88
3200	417.36681	32.88
3201	431.38331	32.88
3202	435.36624	32.88
3203	473.39304	32.88
3204	663.45741	32.88
3205	771.64386	32.88
3206	793.62524	32.88
3207	1048.77175	32.88
3208	191.14212	32.89
3209	198.18437	32.89
3210	244.19057	32.89
3211	424.28005	32.89
3212	452.39249	32.89
3213	526.43003	32.89
3214	1028.84387	32.89
3215	209.15317	32.89
3216	303.28822	32.89
3217	1070.75378	32.89
3218	347.31442	32.9
3219	369.29574	32.9
3220	364.33969	32.9
3221	805.56485	32.91
3222	800.57244	32.92
3223	334.30944	32.93
3224	710.51909	32.93
3225	805.56321	32.93
3226	480.54778	32.94
3227	452.39294	32.95
3228	585.06595	32.95
3229	347.3137	32.95
3230	317.2821	32.96
3231	775.49597	32.96
3232	710.51782	32.98
3233	751.52527	32.98
3234	770.53936	32.98
3235	141.11388	32.99
3236	776.23082	32.99
3237	408.33396	33
3238	735.50269	33
3239	756.54564	33
3240	345.29869	33
3241	367.28077	33
3242	570.39142	33
3243	321.31381	33.01
3244	327.28838	33.01
3245	422.30178	33.01
3246	705.57923	33.01
3247	750.52417	33.01
3248	301.21001	33.01
3249	591.49468	33.01
3250	603.53375	33.01
3251	618.5774	33.01
3252	643.52707	33.01
3253	663.45468	33.01
3254	751.52519	33.01
3255	790.55894	33.01
3256	846.61077	33.01
3257	257.24711	33.02
3258	293.20713	33.02
3259	340.34742	33.03
3260	406.32913	33.03
3261	433.35028	33.03
3262	450.37696	33.03
3263	455.33313	33.03
3264	551.50177	33.03
3265	721.57435	33.03
3266	790.57723	33.03
3267	824.55619	33.03
3268	338.3417	33.04
3269	415.34045	33.04
3270	638.572	33.04
3271	384.34709	33.05
3272	386.35207	33.05
3273	680.48152	33.05
3274	802.58312	33.05
3275	1026.86555	33.05
3276	429.40401	33.05
3277	524.45104	33.05
3278	699.59576	33.05
3279	721.57226	33.05
3280	789.66667	33.05
3281	334.30943	33.05
3282	555.71541	33.05
3283	551.50161	33.06
3284	712.51939	33.06
3285	1046.79209	33.06
3286	173.07937	33.07
3287	700.62367	33.07
3288	710.52113	33.08
3289	804.56362	33.08
3290	239.0892	33.08
3291	685.43552	33.09
3292	758.56167	33.09
3293	803.04459	33.09
3294	805.56569	33.09
3295	817.57967	33.09
3296	455.33259	33.09
3297	406.32874	33.12
3298	714.53571	33.12
3299	780.53	33.12
3300	385.34869	33.12
3301	818.5817	33.12
3302	407.33122	33.12
3303	668.49249	33.13
3304	429.40341	33.14
3305	670.50979	33.15
3306	384.34627	33.15
3307	818.5812	33.15
3308	802.58544	33.16
3309	338.34104	33.16
3310	758.53066	33.16
3311	626.48319	33.18
3312	406.32857	33.18
3313	708.5191	33.18
3314	751.52561	33.18
3315	818.5814	33.18
3316	736.51357	33.2
3317	736.57492	33.2
3318	793.38768	33.21
3319	653.28155	33.21
3320	670.3089	33.21
3321	698.33993	33.21
3322	740.34989	33.21
3323	872.62912	33.21
3324	582.4568	33.22
3325	675.26343	33.22
3326	353.3405	33.23
3327	538.42988	33.24
3328	751.52604	33.24
3329	817.58206	33.24
3330	828.60424	33.24
3331	284.29526	33.25
3332	643.52834	33.25
3333	714.49547	33.25
3334	946.74054	33.25
3335	682.48676	33.26
3336	805.5666	33.27
3337	627.48552	33.28
3338	751.52417	33.28
3339	817.58044	33.28
3340	663.45618	33.28
3341	692.4793	33.28
3342	784.57815	33.28
3343	522.59583	33.29
3344	682.48913	33.29
3345	626.48273	33.3
3346	710.52181	33.31
3347	805.57031	33.31
3348	582.456	33.32
3349	740.55191	33.32
3350	751.52526	33.32
3351	670.466	33.34
3352	696.525	33.34
3353	901.53573	33.36
3354	239.08992	33.36
3355	309.13073	33.36
3356	709.51988	33.36
3357	694.49491	33.37
3358	710.51988	33.37
3359	784.57647	33.37
3360	817.58103	33.37
3361	818.58238	33.37
3362	956.72415	33.37
3363	301.14071	33.38
3364	685.43626	33.38
3365	359.31482	33.38
3366	393.29647	33.38
3367	648.45089	33.38
3368	341.30464	33.38
3369	381.29647	33.38
3370	652.49916	33.38
3371	309.13114	33.39
3372	817.5816	33.39
3373	804.55932	33.41
3374	750.52496	33.41
3375	663.45548	33.42
3376	817.58651	33.42
3377	608.4723	33.43
3378	332.29117	33.43
3379	740.55062	33.43
3380	239.09111	33.44
3381	972.75517	33.44
3382	619.61114	33.44
3383	293.28271	33.45
3384	310.31037	33.45
3385	626.43828	33.45
3386	663.45553	33.45
3387	696.5225	33.45
3388	710.51842	33.45
3389	750.5254	33.45
3390	564.44402	33.46
3391	394.32857	33.48
3392	652.49794	33.48
3393	694.49227	33.48
3394	750.52269	33.48
3395	759.22035	33.48
3396	686.44046	33.49
3397	663.45454	33.49
3398	664.45943	33.49
3399	803.5569	33.49
3400	604.42467	33.5
3401	680.47877	33.5
3402	710.51758	33.5
3403	892.54229	33.51
3404	897.49779	33.51
3405	626.93799	33.52
3406	708.50748	33.53
3407	582.41139	33.54
3408	663.45179	33.55
3409	310.30928	33.55
3410	750.52015	33.55
3411	340.35654	33.57
3412	897.49655	33.57
3413	560.39792	33.58
3414	663.45495	33.58
3415	681.48697	33.58
3416	685.4366	33.58
3417	686.44333	33.58
3418	750.52366	33.58
3419	803.56361	33.58
3420	664.45983	33.61
3421	685.43495	33.61
3422	750.52088	33.61
3423	773.48062	33.61
3424	803.55781	33.61
3425	770.53004	33.62
3426	803.56632	33.63
3427	538.38426	33.64
3428	643.52674	33.66
3429	663.45302	33.66
3430	685.4355	33.66
3431	708.50381	33.66
3432	638.57076	33.66
3433	699.5944	33.66
3434	726.6218	33.67
3435	1342.9259	33.67
3436	285.27773	33.67
3437	361.32166	33.67
3438	449.28318	33.67
3439	747.58847	33.67
3440	591.49418	33.68
3441	603.53375	33.68
3442	1043.74268	33.68
3443	267.26763	33.68
3444	371.31351	33.68
3445	373.29298	33.68
3446	395.27609	33.68
3447	680.47927	33.69
3448	341.30531	33.69
3449	343.31001	33.69
3450	359.31534	33.69
3451	376.34167	33.69
3452	381.29757	33.69
3453	739.60515	33.69
3454	742.63223	33.69
3455	338.33172	33.7
3456	355.28319	33.7
3457	319.29885	33.71
3458	383.30256	33.71
3459	301.28787	33.71
3460	336.32619	33.71
3461	358.30702	33.71
3462	671.64264	33.72
3463	998.77186	33.72
3464	638.56879	33.72
3465	377.34358	33.74
3466	644.53094	33.74
3467	664.46941	33.74
3468	298.30967	33.75
3469	509.34549	33.75
3470	768.52582	33.75
3471	359.31494	33.76
3472	733.48844	33.76
3473	1043.74169	33.76
3474	773.48124	33.77
3475	795.46097	33.77
3476	376.34036	33.77
3477	796.5572	33.77
3478	341.30436	33.79
3479	664.48076	33.82
3480	359.31429	33.83
3481	381.2961	33.83
3482	366.37185	33.84
3483	491.29064	33.88
3484	336.32486	33.91
3485	359.31437	33.91
3486	960.68004	33.91
3487	916.65578	34.01
3488	309.13026	34.02
3489	801.55078	34.02
3490	901.53352	34.03
3491	912.69739	34.03
3492	141.11338	34.04
3493	694.49527	34.04
3494	803.56303	34.04
3495	940.72818	34.04
3496	309.12938	34.05
3497	239.08949	34.05
3498	803.55524	34.05
3499	694.49173	34.06
3500	369.35025	34.06
3501	628.19315	34.08
3502	309.12955	34.11
3503	872.63012	34.12
3504	789.45432	34.18
3505	768.52601	34.18
3506	773.48162	34.18
3507	795.46263	34.18
3508	790.52827	34.19
3509	733.48845	34.2
3510	796.54914	34.21
3511	324.32458	34.21
3512	828.60428	34.23
3513	775.48703	34.31
3514	774.48412	34.32
3515	784.57816	34.34
3516	768.52614	34.36
3517	773.48088	34.36
3518	298.30931	34.42
3519	539.40255	34.42
3520	508.57967	34.45
3521	740.55151	34.47
3522	141.1124	34.49
3523	217.1065	34.5
3524	705.58095	34.52
3525	149.02206	34.54
3526	173.08032	34.54
3527	643.52707	34.54
3528	699.59409	34.54
3529	1264.06552	34.54
3530	141.11344	34.55
3531	217.10709	34.55
3532	327.0078	34.55
3533	591.49443	34.55
3534	596.59643	34.55
3535	371.314	34.56
3536	721.57545	34.56
3537	812.65247	34.56
3538	329.00397	34.57
3539	548.50155	34.57
3540	726.62195	34.57
3541	618.57724	34.57
3542	638.57188	34.57
3543	700.61993	34.57
3544	285.27765	34.58
3545	329.0046	34.58
3546	603.53329	34.58
3547	774.59941	34.58
3548	141.11066	34.6
3549	696.52486	34.62
3550	643.52587	34.65
3551	830.62114	34.65
3552	638.56883	34.66
3553	786.59888	34.68
3554	517.38951	34.71
3555	742.56804	34.72
3556	1016.74359	34.73
3557	696.52095	34.74
3558	652.49848	34.77
3559	441.40291	34.78
3560	396.34545	34.78
3561	418.32755	34.78
3562	868.6713	34.78
3563	698.5399	34.8
3564	550.62605	34.85
3565	654.51296	34.87
3566	309.1296	34.89
3567	869.67386	34.92
3568	239.0893	34.93
3569	610.48677	34.94
3570	309.12931	34.94
3571	608.47087	34.95
3572	787.49414	34.95
3573	309.12961	34.97
3574	782.53871	34.97
3575	309.1273	35.03
3576	312.32542	35.04
3577	972.71832	35.05
3578	531.38813	35.15
3579	520.35311	35.16
3580	279.15809	35.21
3581	391.28301	35.21
3582	413.26485	35.21
3583	436.34033	35.21
3584	360.32271	35.23
3585	697.65622	35.24
3586	149.02222	35.24
3587	321.3142	35.24
3588	338.34167	35.24
3589	340.3477	35.24
3590	675.67633	35.24
3591	413.26474	35.31
3592	391.28256	35.32
3593	393.29629	35.32
3594	371.3144	35.33
3595	361.32549	35.33
3596	321.31401	35.36
3597	339.34461	35.36
3598	697.65624	35.36
3599	360.3223	35.38
3600	896.70255	35.4
3601	393.29747	35.4
3602	928.69303	35.4
3603	675.67389	35.41
3604	896.70391	35.45
3605	896.70464	35.49
3606	518.37345	35.49
3607	613.42189	35.5
3608	473.31622	35.51
3609	817.60235	35.53
3610	896.70146	35.53
3611	928.69274	35.53
3612	705.58196	35.54
3613	596.59716	35.54
3614	643.52777	35.55
3615	603.53455	35.56
3616	700.6211	35.56
3617	309.13109	35.57
3618	596.59754	35.57
3619	644.53195	35.57
3620	804.56597	35.58
3621	790.56183	35.58
3622	173.08042	35.58
3623	309.1308	35.58
3624	141.11409	35.59
3625	817.6021	35.59
3626	239.09024	35.59
3627	217.10752	35.6
3628	173.08105	35.6
3629	882.60804	35.6
3630	638.57282	35.61
3631	700.62297	35.61
3632	803.56181	35.61
3633	596.59773	35.62
3634	804.56713	35.62
3635	817.6023	35.62
3636	824.64593	35.63
3637	790.56122	35.64
3638	882.60521	35.64
3639	596.59944	35.64
3640	603.53497	35.64
3641	817.5996	35.64
3642	643.52791	35.66
3643	705.5794	35.67
3644	803.56275	35.67
3645	141.11553	35.68
3646	884.66614	35.78
3647	141.11516	35.83
3648	141.11325	35.84
3649	771.4653	35.86
3650	766.51089	35.86
3651	139.98687	35.88
3652	162.97227	35.88
3653	271.91533	35.88
3654	125.98521	35.89
3655	127.95304	35.89
3656	167.01147	35.89
3657	172.02718	35.89
3658	182.98366	35.89
3659	214.91687	35.89
3660	229.89216	35.89
3661	230.88937	35.89
3662	255.94232	35.89
3663	344.87377	35.89
3664	360.84625	35.89
3665	102.96929	35.89
3666	112.97623	35.89
3667	140.95765	35.89
3668	141.95795	35.89
3669	414.75727	35.89
3670	137.96304	35.9
3671	154.96602	35.91
3672	113.96297	35.93
3673	128.9501	35.93
3674	130.96508	35.93
3675	158.95989	35.94
3676	105.93437	35.97
3677	102.01211	36.09
3678	158.00217	36.14
3679	217.10682	36.24
3680	173.07972	36.24
3681	139.98047	36.42
